0 0 -1 0 1 -1
0 0 6 -0.049010107421875 2 -1
0 6472 6 -0.049010107421875 3 -1
0 0 8 -1.3731234954004101 4 -1
0 1630 8 -1.3731234954004101 5 -1
4012 10484 2 0.06290508218923473 6 0
0 10484 2 0.06290508218923473 7 -1
0 0 2 0.13036234058864546 8 -1
0 10 2 0.13036234058864546 9 -1
0 1630 6 -0.11571728515624999 10 -1
0 4621 6 -0.11571728515624999 11 -1
0 10484 2 0.06858522654902621 14 -1
0 13657 2 0.06858522654902621 15 -1
4 4 0 3.3605531954812764 16 0
6 10 0 3.3605531954812764 17 2
0 10 6 -0.116625341796875 18 -1
0 17 6 -0.116625341796875 19 -1
0 1630 8 -1.2134473605062652 20 -1
77 4621 8 -1.2134473605062652 21 2
0 4621 8 -1.2486380738319445 22 -1
0 5181 8 -1.2486380738319445 23 -1
0 10484 0 3.1522157782946114 28 -1
0 12847 0 3.1522157782946114 29 -1
0 13657 1 0.06839970086468403 30 -1
0 18461 1 0.06839970086468403 31 -1
5 15 1 0.009772634972024156 36 1
2 17 1 0.009772634972024156 37 0
1612 1629 0 10.375536992326456 38 1
1 1630 0 10.375536992326456 39 2
0 1630 0 4.550385673374579 40 -1
0 4519 0 4.550385673374579 41 -1
0 4621 6 -0.0965125 44 -1
0 4854 6 -0.0965125 45 -1
0 5181 0 3.64890905826425 46 -1
1282 6472 0 3.64890905826425 47 2
0 10484 2 0.06787566326793795 56 -1
0 12621 2 0.06787566326793795 57 -1
0 12847 6 -0.002579638671875 58 -1
0 12950 6 -0.002579638671875 59 -1
0 13657 3 0.00569335941161871 60 -1
0 16756 3 0.00569335941161871 61 -1
0 18461 3 0.005407634506225586 62 -1
0 18573 3 0.005407634506225586 63 -1
0 1630 2 0.14278305631928112 80 -1
0 1642 2 0.14278305631928112 81 -1
0 4519 6 -0.11652104492187501 82 -1
12 4544 6 -0.11652104492187501 83 2
0 4621 0 4.335177388240388 88 -1
161 4854 0 4.335177388240388 89 2
0 4854 6 -0.09269064941406249 90 -1
12 5181 6 -0.09269064941406249 91 2
4 5185 1 -0.028716305507547914 92 0
5 5190 1 -0.028716305507547914 93 2
0 10484 7 -89.78080857282026 112 -1
0 12600 7 -89.78080857282026 113 -1
0 12621 6 -0.0020348632812500003 114 -1
115 12847 6 -0.0020348632812500003 115 3
0 12847 1 0.04072598829434969 116 -1
0 12929 1 0.04072598829434969 117 -1
0 12950 2 0.06771763634005823 118 -1
0 13514 2 0.06771763634005823 119 -1
0 13657 0 3.135390451117219 120 -1
0 13894 0 3.135390451117219 121 -1
0 16756 0 3.6593319296381326 122 -1
0 17580 0 3.6593319296381326 123 -1
3 18464 0 3.171287353099668 124 3
0 18464 0 3.171287353099668 125 -1
0 18573 2 0.07777423663891292 126 -1
3903 22764 2 0.07777423663891292 127 0
3 1633 0 3.7719784391557067 160 0
9 1642 0 3.7719784391557067 161 2
1593 3235 1 -0.019124980625591096 162 0
0 3235 1 -0.019124980625591096 163 -1
7 4526 8 -1.2629300109556696 164 0
0 4526 8 -1.2629300109556696 165 -1
0 4621 6 -0.11458525390625 176 -1
0 4669 6 -0.11458525390625 177 -1
276 5130 1 0.03314330064771135 180 0
0 5130 1 0.03314330064771135 181 -1
0 10484 3 0.004505562822637558 224 -1
0 12250 3 0.004505562822637558 225 -1
0 12600 2 0.0648481064048664 226 -1
17 12621 2 0.0648481064048664 227 3
0 12621 0 3.100354703602067 228 -1
0 12689 0 3.100354703602067 229 -1
0 12847 7 -103.58790222344979 232 -1
0 12878 7 -103.58790222344979 233 -1
2 12931 8 -25.553066634980613 234 0
0 12931 8 -25.553066634980613 235 -1
0 12950 2 0.0671470452335302 236 -1
0 13438 2 0.0671470452335302 237 -1
0 13514 6 -0.001778662109375 238 -1
25 13657 6 -0.001778662109375 239 3
0 13657 6 -0.001998828125 240 -1
0 13794 6 -0.001998828125 241 -1
0 13894 2 0.07008588376781466 242 -1
0 14351 2 0.07008588376781466 243 -1
57 16813 0 3.205256597292529 244 0
0 16813 0 3.205256597292529 245 -1
0 17580 5 5.288290434572802 246 -1
0 17713 5 5.288290434572802 247 -1
81 18545 0 3.4841895930361555 250 0
0 18545 0 3.4841895930361555 251 -1
0 18573 2 0.07777288022464836 252 -1
1 18861 2 0.07777288022464836 253 3
0 3235 3 0.007382770805654526 326 -1
0 3280 3 0.007382770805654526 327 -1
4 4530 3 0.007799635615196228 330 2
0 4530 3 0.007799635615196228 331 -1
0 4621 0 4.264806209352393 352 -1
0 4664 0 4.264806209352393 353 -1
18 4687 2 0.1433690494010889 354 2
0 4687 2 0.1433690494010889 355 -1
0 5130 0 3.998294152831816 362 -1
35 5169 0 3.998294152831816 363 0
1736 12220 4 0.349 448 3
0 12220 4 0.349 449 -1
1 12251 2 0.06714805491819457 450 0
0 12251 2 0.06714805491819457 451 -1
1 12601 0 3.092738219363943 452 3
3 12604 0 3.092738219363943 453 0
0 12621 1 0.06033885442075759 456 -1
1 12689 1 0.06033885442075759 457 0
0 12689 8 -27.327703257094964 458 -1
0 12723 8 -27.327703257094964 459 -1
0 12847 2 0.06770735295764596 464 -1
10 12878 2 0.06770735295764596 465 0
0 12878 6 -0.0034275390625 466 -1
0 12888 6 -0.0034275390625 467 -1
9 12940 0 3.1883680983529064 470 3
0 12940 0 3.1883680983529064 471 -1
472 13422 7 -114.1984362688648 472 3
0 13422 7 -114.1984362688648 473 -1
0 13438 6 -0.002033935546875 474 -1
0 13470 6 -0.002033935546875 475 -1
0 13514 0 3.2075976638105983 476 -1
0 13564 0 3.2075976638105983 477 -1
0 13657 0 3.105005075185624 480 -1
0 13743 0 3.105005075185624 481 -1
0 13794 4 0.261 482 -1
0 13800 4 0.261 483 -1
0 13894 6 -0.00181630859375 484 -1
0 14298 6 -0.00181630859375 485 -1
0 14351 3 0.00559375681052208 486 -1
0 16614 3 0.00559375681052208 487 -1
0 16813 3 0.0057808089031600954 490 -1
0 16927 3 0.0057808089031600954 491 -1
0 17580 2 0.10283863459626931 492 -1
0 17633 2 0.10283863459626931 493 -1
0 17713 2 0.15479955490008887 494 -1
6 18461 2 0.15479955490008887 495 3
3 18548 2 0.07063461183210307 502 3
0 18548 2 0.07063461183210307 503 -1
261 18834 3 0.006033976668462753 504 0
0 18834 3 0.006033976668462753 505 -1
32 3267 0 3.853733083338661 652 0
0 3267 0 3.853733083338661 653 -1
0 3280 1 0.05279135717725051 654 -1
0 4476 1 0.05279135717725051 655 -1
1 4531 0 7.006444400604861 662 0
1 4532 0 7.006444400604861 663 2
0 4621 6 -0.11556494140625 704 -1
32 4664 6 -0.11556494140625 705 0
3 4667 1 0.0038312510636416192 706 2
2 4669 1 0.0038312510636416192 707 0
2 4689 0 4.192893719329907 710 0
4 4693 0 4.192893719329907 711 2
1 5131 2 0.12267906575218174 724 0
3 5134 2 0.12267906575218174 725 2
1 12221 4 0.349 898 0
29 12250 4 0.349 899 3
212 12463 7 -135.46727081479082 902 3
0 12463 7 -135.46727081479082 903 -1
0 12621 1 0.003210016482566572 912 -1
49 12688 1 0.003210016482566572 913 3
0 12689 1 0.009447595903738741 916 -1
0 12699 1 0.009447595903738741 917 -1
0 12723 0 3.127728693041785 918 -1
5 12732 0 3.127728693041785 919 0
3 12850 6 -0.0028610351562499995 928 0
0 12850 6 -0.0028610351562499995 929 -1
0 12878 1 0.027739748503024027 932 -1
3 12888 1 0.027739748503024027 933 0
31 12919 7 -87.92345225270897 934 0
0 12919 7 -87.92345225270897 935 -1
1 12941 0 3.1999883097921544 942 0
0 12941 0 3.1999883097921544 943 -1
0 13422 7 -112.7231724796942 946 -1
12 13438 7 -112.7231724796942 947 3
1 13439 0 3.1522923632545146 948 0
0 13439 0 3.1522923632545146 949 -1
0 13470 7 -240.94117647058826 950 -1
35 13514 7 -240.94117647058826 951 3
0 13514 2 0.06817123037169437 952 -1
0 13536 2 0.06817123037169437 953 -1
0 13564 7 -128.69171798416488 954 -1
7 13632 7 -128.69171798416488 955 0
4 13661 1 -0.028113999746739633 960 0
0 13661 1 -0.028113999746739633 961 -1
0 13743 4 0.376 962 -1
3 13794 4 0.376 963 3
1 13795 1 -0.007001698657136427 964 0
5 13800 1 -0.007001698657136427 965 3
1 13801 4 0.261 966 0
0 13801 4 0.261 967 -1
0 13894 2 0.0694129843930064 968 -1
0 14110 2 0.0694129843930064 969 -1
0 14298 6 -0.0014324218749999999 970 -1
14 14351 6 -0.0014324218749999999 971 3
0 14351 6 -0.002310693359375 972 -1
0 15437 6 -0.002310693359375 973 -1
0 16614 0 3.368681476919439 974 -1
0 16636 0 3.368681476919439 975 -1
0 16813 0 3.4255934017065046 980 -1
0 16850 0 3.4255934017065046 981 -1
0 16927 0 3.5801232976979334 982 -1
0 17502 0 3.5801232976979334 983 -1
42 17622 2 0.09331646084820391 984 0
0 17622 2 0.09331646084820391 985 -1
0 17633 2 0.1051648280769437 986 -1
62 17713 2 0.1051648280769437 987 3
0 17713 4 0.608 988 -1
522 18455 4 0.608 989 0
0 18548 0 4.410875093596321 1006 -1
1 18573 0 4.410875093596321 1007 3
25 18859 0 3.444863694329468 1010 0
1 18860 0 3.444863694329468 1011 3
0 3267 0 3.9605478945220924 1306 -1
11 3280 0 3.9605478945220924 1307 2
846 4126 6 -0.11691311035156252 1308 0
0 4126 6 -0.11691311035156252 1309 -1
0 4476 6 -0.11641774902343749 1310 -1
0 4515 6 -0.11641774902343749 1311 -1
10 4631 6 -0.11561564941406251 1408 0
1 4632 6 -0.11561564941406251 1409 2
1 12464 7 -135.0180725958357 1806 0
0 12464 7 -135.0180725958357 1807 -1
0 12621 1 0.0014163906159221536 1824 -1
1 12639 1 0.0014163906159221536 1825 0
4 12693 6 -0.00231875 1832 0
0 12693 6 -0.00231875 1833 -1
0 12699 0 3.1151110283108023 1834 -1
16 12723 0 3.1151110283108023 1835 3
2 12725 1 0.030948221884826578 1836 0
2 12727 1 0.030948221884826578 1837 3
0 12850 2 0.06505104140812236 1858 -1
11 12868 2 0.06505104140812236 1859 3
2 12880 2 0.06581991663456624 1864 0
5 12885 2 0.06581991663456624 1865 3
0 12919 0 3.1892499962233702 1870 -1
7 12929 0 3.1892499962233702 1871 0
7 12948 0 3.3079159363465775 1886 3
0 12948 0 3.3079159363465775 1887 -1
2 13424 2 0.06498463122094235 1892 0
2 13426 2 0.06498463122094235 1893 3
11 13450 0 3.1840316984642207 1898 3
0 13450 0 3.1840316984642207 1899 -1
8 13478 7 -248.68731941040926 1900 3
1 13479 7 -248.68731941040926 1901 0
17 13531 1 0.043494285766315664 1904 3
0 13531 1 0.043494285766315664 1905 -1
0 13536 0 3.199583121877309 1906 -1
4 13564 0 3.199583121877309 1907 3
0 13564 0 3.4733873683096865 1908 -1
3 13625 0 3.4733873683096865 1909 3
0 13661 6 -0.002547216796875 1922 -1
0 13682 6 -0.002547216796875 1923 -1
0 13743 2 0.07013837641194103 1924 -1
0 13775 2 0.07013837641194103 1925 -1
0 13801 1 -0.020207656056358287 1934 -1
86 13894 1 -0.020207656056358287 1935 3
22 13916 6 -0.002766357421875 1936 0
0 13916 6 -0.002766357421875 1937 -1
39 14149 4 0.305 1938 0
0 14149 4 0.305 1939 -1
0 14298 1 0.023948410972879478 1940 -1
0 14321 1 0.023948410972879478 1941 -1
0 14351 1 -0.018536253983350216 1944 -1
925 15437 1 -0.018536253983350216 1945 0
0 15437 2 0.07141701607843101 1946 -1
0 15769 2 0.07141701607843101 1947 -1
0 16614 1 0.025691548779669813 1948 -1
4 16636 1 0.025691548779669813 1949 0
0 16636 7 -189.1378671606245 1950 -1
0 16699 7 -189.1378671606245 1951 -1
2 16815 5 4.085628751990036 1960 0
0 16815 5 4.085628751990036 1961 -1
0 16850 0 3.514876428052245 1962 -1
0 16882 0 3.514876428052245 1963 -1
0 16927 2 0.0770826017349854 1964 -1
0 17125 2 0.0770826017349854 1965 -1
0 17502 2 0.0892083709483904 1966 -1
17 17580 2 0.0892083709483904 1967 3
0 17622 0 3.8502992046152604 1970 -1
6 17633 0 3.8502992046152604 1971 0
17 17650 2 0.10513800152767967 1972 3
1 17651 2 0.10513800152767967 1973 0
0 17713 2 0.10470268546579882 1976 -1
0 17929 2 0.10470268546579882 1977 -1
23 18571 2 0.07417899856512623 2012 0
1 18572 2 0.07417899856512623 2013 3
1 3268 0 3.865948451162028 2612 2
1 3269 0 3.865948451162028 2613 0
1 4127 6 -0.11691242675781251 2618 2
0 4127 6 -0.11691242675781251 2619 -1
38 4514 1 0.07984205426413771 2620 0
1 4515 1 0.07984205426413771 2621 2
1 4516 0 4.2487047279413215 2622 2
0 4516 0 4.2487047279413215 2623 -1
0 12464 2 0.06718190928774558 3614 -1
0 12466 2 0.06718190928774558 3615 -1
0 12621 4 0.286 3648 -1
10 12638 4 0.286 3649 3
5 12698 1 0.009185797415758003 3666 3
1 12699 1 0.009185797415758003 3667 0
0 12699 4 0.312 3668 -1
4 12707 4 0.312 3669 3
2 12852 6 -0.002668017578125 3716 0
5 12857 6 -0.002668017578125 3717 3
1 12920 1 0.017554298255187162 3740 0
2 12922 1 0.017554298255187162 3741 3
1 12949 0 3.5926906751729017 3774 0
1 12950 0 3.5926906751729017 3775 3
0 13450 0 3.2013576537486266 3798 -1
0 13454 0 3.2013576537486266 3799 -1
2 13533 1 0.05152512274649882 3810 0
3 13536 1 0.05152512274649882 3811 3
4 13540 4 0.288 3812 3
0 13540 4 0.288 3813 -1
0 13564 4 0.378 3816 -1
7 13622 4 0.378 3817 0
0 13661 2 0.07101206296072168 3844 -1
3 13682 2 0.07101206296072168 3845 0
0 13682 5 4.24142466966447 3846 -1
26 13743 5 4.24142466966447 3847 3
0 13743 1 0.03539645619197213 3848 -1
4 13775 1 0.03539645619197213 3849 0
0 13775 4 0.308 3850 -1
12 13791 4 0.308 3851 0
6 13807 1 -0.021962809130537296 3868 3
1 13808 1 -0.021962809130537296 3869 0
0 13916 0 3.577185496282687 3874 -1
3 14110 0 3.577185496282687 3875 3
0 14149 0 3.2122691844190467 3878 -1
0 14173 0 3.2122691844190467 3879 -1
0 14298 2 0.0693738108710025 3880 -1
9 14321 2 0.0693738108710025 3881 3
0 14321 4 0.337 3882 -1
0 14331 4 0.337 3883 -1
0 14351 1 -0.01856646807890127 3888 -1
1 14512 1 -0.01856646807890127 3889 3
0 15437 0 3.5766274775873073 3892 -1
0 15764 0 3.5766274775873073 3893 -1
0 15769 7 -264.2897872212719 3894 -1
0 15819 7 -264.2897872212719 3895 -1
0 16614 0 3.345760869854155 3896 -1
0 16624 0 3.345760869854155 3897 -1
0 16636 0 3.5104548686301835 3900 -1
31 16699 0 3.5104548686301835 3901 0
53 16752 1 0.052145726676128976 3902 0
0 16752 1 0.052145726676128976 3903 -1
0 16815 1 0.06469418569366986 3922 -1
1 16850 1 0.06469418569366986 3923 0
9 16859 1 -0.010439795414619011 3924 0
0 16859 1 -0.010439795414619011 3925 -1
30 16912 0 3.58860150771888 3926 0
0 16912 0 3.58860150771888 3927 -1
0 16927 0 3.458758481439128 3928 -1
0 17074 0 3.458758481439128 3929 -1
0 17125 1 0.046853994161565236 3930 -1
0 17483 1 0.046853994161565236 3931 -1
0 17502 8 -31.87402883810982 3932 -1
15 17563 8 -31.87402883810982 3933 0
1 17623 0 3.6729759536588347 3940 0
4 17627 0 3.6729759536588347 3941 3
82 17795 4 0.491 3952 0
0 17795 4 0.491 3953 -1
3 17932 0 4.023079180040419 3954 3
1 17933 0 4.023079180040419 3955 0
270 4397 6 -0.11625065917968751 5238 0
0 4397 6 -0.11625065917968751 5239 -1
1 4517 1 0.054628339667368145 5246 2
2 4519 1 0.054628339667368145 5247 0
1 12465 0 3.097179737569973 7228 0
1 12466 0 3.097179737569973 7229 3
84 12550 0 3.098984490075366 7230 3
0 12550 0 3.098984490075366 7231 -1
6 12627 4 0.283 7296 3
1 12628 4 0.283 7297 0
1 12700 0 3.1069828170755027 7336 3
3 12703 0 3.1069828170755027 7337 0
3 13453 4 0.317 7596 0
1 13454 4 0.317 7597 3
12 13466 4 0.347 7598 3
0 13466 4 0.347 7599 -1
2 13542 1 -0.00026586898616956625 7626 3
0 13542 1 -0.00026586898616956625 7627 -1
0 13564 0 3.224403376409424 7632 -1
0 13575 0 3.224403376409424 7633 -1
0 13661 6 -0.0025743164062499995 7688 -1
2 13679 6 -0.0025743164062499995 7689 0
0 13682 5 4.1816630035516456 7692 -1
0 13712 5 4.1816630035516456 7693 -1
0 13743 1 0.021939052522190583 7696 -1
6 13771 1 0.021939052522190583 7697 3
2 13777 0 3.1147880661196714 7700 0
2 13779 0 3.1147880661196714 7701 3
3 13919 4 0.281 7748 3
0 13919 4 0.281 7749 -1
2 14151 5 4.474785915644373 7756 3
0 14151 5 4.474785915644373 7757 -1
0 14173 7 -181.92125984251967 7758 -1
0 14188 7 -181.92125984251967 7759 -1
3 14301 7 -200.09455072646475 7760 0
0 14301 7 -200.09455072646475 7761 -1
0 14321 2 0.07008187698986004 7764 -1
1 14331 2 0.07008187698986004 7765 3
3 14334 0 3.262989320105981 7766 0
0 14334 0 3.262989320105981 7767 -1
0 14351 0 3.275432072481326 7776 -1
132 14511 0 3.275432072481326 7777 0
0 15437 0 3.1772015068690993 7784 -1
0 15454 0 3.1772015068690993 7785 -1
1 15765 7 -241.72544579677327 7786 0
4 15769 7 -241.72544579677327 7787 3
0 15769 1 0.00732425714737973 7788 -1
28 15819 1 0.00732425714737973 7789 0
0 15819 5 4.063649879604395 7790 -1
0 15828 5 4.063649879604395 7791 -1
9 16623 4 0.361 7792 3
1 16624 4 0.361 7793 0
4 16628 3 0.005627450602378846 7794 0
0 16628 3 0.005627450602378846 7795 -1
0 16636 7 -195.74300235151327 7800 -1
3 16668 7 -195.74300235151327 7801 3
3 16755 0 3.6487424093070304 7806 0
1 16756 0 3.6487424093070304 7807 3
0 16815 4 0.415 7844 -1
0 16847 4 0.415 7845 -1
0 16859 0 3.5102486777027258 7850 -1
1 16882 0 3.5102486777027258 7851 3
0 16912 0 3.5960431379478033 7854 -1
11 16927 0 3.5960431379478033 7855 0
0 16927 8 -31.51042757286639 7856 -1
0 17061 8 -31.51042757286639 7857 -1
0 17074 0 3.554248823094263 7858 -1
4 17125 0 3.554248823094263 7859 0
1 17126 4 0.317 7860 0
0 17126 4 0.317 7861 -1
0 17483 2 0.07944632806473027 7862 -1
4 17502 2 0.07944632806473027 7863 0
0 17502 7 -276.17916198426707 7864 -1
0 17511 7 -276.17916198426707 7865 -1
0 17795 0 3.762689495498678 7906 -1
0 17806 0 3.762689495498678 7907 -1
1 4398 1 -0.013134701805668276 10478 2
0 4398 1 -0.013134701805668276 10479 -1
1 12551 0 3.0990339632469532 14462 0
0 12551 0 3.0990339632469532 14463 -1
1 13467 0 3.2476982280168674 15198 3
0 13467 0 3.2476982280168674 15199 -1
0 13542 6 -0.0018103515625000001 15254 -1
2 13560 6 -0.0018103515625000001 15255 3
0 13564 4 0.317 15264 -1
7 13575 4 0.317 15265 3
0 13575 1 0.04281292614487568 15266 -1
8 13615 1 0.04281292614487568 15267 0
0 13661 0 3.0917660161187626 15376 -1
7 13677 0 3.0917660161187626 15377 3
0 13682 7 -128.55102089896832 15384 -1
20 13712 7 -128.55102089896832 15385 3
2 13714 1 0.010360086995904565 15386 3
3 13717 1 0.010360086995904565 15387 0
5 13748 6 -0.0026726074218750007 15392 0
0 13748 6 -0.0026726074218750007 15393 -1
0 13919 8 -24.96056325265963 15498 -1
2 14107 8 -24.96056325265963 15499 3
0 14151 8 -28.622766373971903 15514 -1
8 14173 8 -28.622766373971903 15515 0
6 14179 6 -0.002059130859375 15516 0
0 14179 6 -0.002059130859375 15517 -1
1 14189 1 -0.0404568462420808 15518 3
0 14189 1 -0.0404568462420808 15519 -1
0 14301 2 0.06934798073225078 15522 -1
1 14312 2 0.06934798073225078 15523 0
1 14322 4 0.298 15528 3
8 14330 4 0.298 15529 0
1 14335 1 0.041614337442322374 15534 0
2 14337 1 0.041614337442322374 15535 3
27 14378 0 3.2705465804605107 15552 0
1 14379 0 3.2705465804605107 15553 3
6 15443 5 4.605234766055821 15568 0
0 15443 5 4.605234766055821 15569 -1
0 15454 7 -285.90626677916697 15570 -1
0 15459 7 -285.90626677916697 15571 -1
0 15769 2 0.072283544737677 15576 -1
0 15774 2 0.072283544737677 15577 -1
7 15826 2 0.0740066815633266 15580 0
2 15828 2 0.0740066815633266 15581 3
744 16572 8 -31.716678001679202 15582 0
0 16572 8 -31.716678001679202 15583 -1
1 16629 0 3.3539286504292525 15590 0
3 16632 0 3.3539286504292525 15591 3
7 16643 3 0.005639974499473572 15600 0
0 16643 3 0.005639974499473572 15601 -1
29 16844 0 3.408337602145135 15688 3
0 16844 0 3.408337602145135 15689 -1
1 16848 0 3.416525379799716 15690 0
1 16849 0 3.416525379799716 15691 3
4 16863 0 3.443336518412888 15700 0
0 16863 0 3.443336518412888 15701 -1
2 16914 2 0.07577292447823547 15708 0
2 16916 2 0.07577292447823547 15709 3
0 16927 2 0.07660493658109607 15712 -1
70 17061 2 0.07660493658109607 15713 3
4 17065 0 3.386713122238732 15714 3
0 17065 0 3.386713122238732 15715 -1
0 17074 5 5.521818639605547 15716 -1
0 17111 5 5.521818639605547 15717 -1
0 17126 6 -0.0008009765625 15722 -1
1 17483 6 -0.0008009765625 15723 0
1 17484 1 0.04744107781256364 15724 0
0 17484 1 0.04744107781256364 15725 -1
1 17503 2 0.07658231248752874 15728 0
8 17511 2 0.07658231248752874 15729 3
0 17511 4 0.461 15730 -1
0 17542 4 0.461 15731 -1
4 17799 2 0.07675079237935838 15812 0
0 17799 2 0.07675079237935838 15813 -1
0 17806 4 0.608 15814 -1
1 17929 4 0.608 15815 3
0 4398 8 -1.3113080261099352 20958 -1
76 4476 8 -1.3113080261099352 20959 0
42 12593 0 3.144359477399397 28926 3
0 12593 0 3.144359477399397 28927 -1
1 13468 7 -165.8211952730271 30398 3
2 13470 7 -165.8211952730271 30399 0
0 13542 1 0.03856437276604151 30508 -1
0 13555 1 0.03856437276604151 30509 -1
3 13567 1 0.02143541458577014 30528 0
1 13568 1 0.02143541458577014 30529 3
0 13575 7 -163.53775200948738 30532 -1
0 13580 7 -163.53775200948738 30533 -1
5 13666 0 3.0676665293392213 30752 3
0 13666 0 3.0676665293392213 30753 -1
6 13688 0 3.076151685377817 30768 3
0 13688 0 3.076151685377817 30769 -1
0 13748 1 0.007101249862576099 30786 -1
0 13760 1 0.007101249862576099 30787 -1
0 13919 1 0.004097014709603238 30996 -1
0 13963 1 0.004097014709603238 30997 -1
0 14151 7 -141.06201166620033 31028 -1
0 14160 7 -141.06201166620033 31029 -1
0 14179 6 -0.0018808105468749998 31034 -1
3 14188 6 -0.0018808105468749998 31035 0
0 14189 0 3.424538658244134 31038 -1
0 14290 0 3.424538658244134 31039 -1
6 14307 1 0.017633264284560524 31044 3
0 14307 1 0.017633264284560524 31045 -1
3 15446 6 -0.00207177734375 31138 3
0 15446 6 -0.00207177734375 31139 -1
0 15454 0 3.477440410493803 31140 -1
2 15459 0 3.477440410493803 31141 3
122 15581 1 0.008003410619941361 31142 0
0 15581 1 0.008003410619941361 31143 -1
2 15771 0 3.4285027995845256 31152 0
3 15774 0 3.4285027995845256 31153 3
1 15775 4 0.342 31154 3
0 15775 4 0.342 31155 -1
1 16573 8 -31.70878189337714 31166 3
0 16573 8 -31.70878189337714 31167 -1
5 16648 4 0.371 31202 0
0 16648 4 0.371 31203 -1
1 16845 0 3.408453172273636 31378 0
2 16847 0 3.408453172273636 31379 3
0 16863 6 -0.0016367675781249996 31402 -1
4 16881 6 -0.0016367675781249996 31403 0
0 16927 2 0.07660102697734786 31424 -1
2 16991 2 0.07660102697734786 31425 0
0 17065 0 3.445304469205179 31430 -1
3 17074 0 3.445304469205179 31431 3
0 17074 4 0.396 31432 -1
0 17099 4 0.396 31433 -1
9 17120 1 0.042108924490627545 31434 3
1 17121 1 0.042108924490627545 31435 0
0 17126 4 0.403 31444 -1
0 17340 4 0.403 31445 -1
1 17485 5 4.37254650746065 31450 0
13 17498 5 4.37254650746065 31451 3
0 17511 1 -0.0016790370217184484 31460 -1
0 17519 1 -0.0016790370217184484 31461 -1
1 17543 2 0.07637512818370995 31462 0
5 17548 2 0.07637512818370995 31463 3
0 17799 6 -0.0020703125 31626 -1
4 17806 6 -0.0020703125 31627 3
107 17913 2 0.10200354165305059 31628 0
0 17913 2 0.10200354165305059 31629 -1
1 4399 0 4.323133044200096 41916 0
1 4400 0 4.323133044200096 41917 2
1 12594 0 3.147668211924734 57854 0
6 12600 0 3.147668211924734 57855 3
1 13543 0 3.153381917718633 61016 3
12 13555 0 3.153381917718633 61017 0
2 13557 1 0.0692139079267261 61018 3
1 13558 1 0.0692139079267261 61019 0
4 13579 2 0.06842916009401163 61064 3
1 13580 2 0.06842916009401163 61065 0
3 13583 0 3.2287749528856247 61066 0
0 13583 0 3.2287749528856247 61067 -1
3 13669 1 0.052441281755293556 61506 0
1 13670 1 0.052441281755293556 61507 3
1 13689 0 3.0812744354024217 61538 0
0 13689 0 3.0812744354024217 61539 -1
8 13756 0 3.1257356694740976 61572 3
0 13756 0 3.1257356694740976 61573 -1
4 13764 7 -108.70936884554064 61574 0
1 13765 7 -108.70936884554064 61575 3
4 13923 2 0.068653732671761 61992 3
0 13923 2 0.068653732671761 61993 -1
0 13963 0 3.1971482206433155 61994 -1
0 14009 0 3.1971482206433155 61995 -1
8 14159 4 0.356 62056 0
1 14160 4 0.356 62057 3
3 14163 1 0.041565846891202705 62058 3
2 14165 1 0.041565846891202705 62059 0
3 14182 4 0.41 62068 3
0 14182 4 0.41 62069 -1
85 14274 5 5.4329518774470165 62076 0
0 14274 5 5.4329518774470165 62077 -1
0 14290 2 0.06990602997841996 62078 -1
4 14298 2 0.06990602997841996 62079 0
1 14308 1 0.020775482412021616 62090 0
3 14311 1 0.020775482412021616 62091 3
0 15446 2 0.07111982282893252 62278 -1
2 15454 2 0.07111982282893252 62279 3
1 15455 0 3.308552073959699 62280 3
2 15457 0 3.308552073959699 62281 0
0 15581 6 -0.001978271484375 62286 -1
0 15703 6 -0.001978271484375 62287 -1
13 15788 0 3.593836950123322 62310 0
0 15788 0 3.593836950123322 62311 -1
0 16573 2 0.07167145703769563 62334 -1
35 16614 2 0.07167145703769563 62335 0
0 16648 4 0.432 62406 -1
5 16665 4 0.432 62407 0
0 16863 6 -0.0017526855468749998 62804 -1
2 16877 6 -0.0017526855468749998 62805 3
0 16927 1 -0.037742693098614964 62848 -1
59 16989 1 -0.037742693098614964 62849 3
1 17066 1 -0.031323064518999896 62860 3
5 17071 1 -0.031323064518999896 62861 0
3 17077 1 -0.019905402107893492 62864 0
0 17077 1 -0.019905402107893492 62865 -1
0 17099 0 3.533001873334149 62866 -1
2 17111 0 3.533001873334149 62867 3
0 17126 0 3.515282152257625 62888 -1
0 17320 0 3.515282152257625 62889 -1
0 17340 4 0.403 62890 -1
140 17482 4 0.403 62891 3
3 17514 2 0.07733855853789072 62920 0
5 17519 2 0.07733855853789072 62921 3
0 17519 2 0.07871356548032239 62922 -1
8 17542 2 0.07871356548032239 62923 0
1 17800 0 3.697758795481967 63252 3
2 17802 0 3.697758795481967 63253 0
11 17924 7 -313.2001662280094 63258 0
0 17924 7 -313.2001662280094 63259 -1
0 13583 1 0.027874022344945137 122134 -1
0 13599 1 0.027874022344945137 122135 -1
2 13691 0 3.0980028852960473 123078 3
1 13692 0 3.0980028852960473 123079 0
2 13758 0 3.1318619606124076 123146 0
2 13760 0 3.1318619606124076 123147 3
0 13923 5 4.650551679506536 123986 -1
0 13939 5 4.650551679506536 123987 -1
4 13967 7 -162.1927165606455 123988 3
0 13967 7 -162.1927165606455 123989 -1
46 14055 6 -0.00231748046875 123990 0
0 14055 6 -0.00231748046875 123991 -1
2 14184 0 3.4260826664710504 124138 0
1 14185 0 3.4260826664710504 124139 3
1 14275 4 0.381 124154 3
15 14290 4 0.381 124155 0
2 14292 0 3.521876097287208 124156 3
2 14294 0 3.521876097287208 124157 0
5 15451 0 3.167682099086098 124556 0
1 15452 0 3.167682099086098 124557 3
0 15581 3 0.004995304365501404 124572 -1
81 15703 3 0.004995304365501404 124573 0
0 15703 8 -35.90497056681946 124574 -1
2 15764 8 -35.90497056681946 124575 3
1 15789 0 3.60262874779629 124622 3
2 15791 0 3.60262874779629 124623 0
5 16578 2 0.07164585040921334 124668 0
1 16579 2 0.07164585040921334 124669 3
0 16648 7 -221.42946401890737 124812 -1
0 16653 7 -221.42946401890737 124813 -1
0 16863 2 0.07568023002605684 125608 -1
7 16875 2 0.07568023002605684 125609 0
2 16929 1 -0.039540591093859816 125696 3
1 16930 1 -0.039540591093859816 125697 0
0 17077 1 0.026075756378055367 125730 -1
0 17094 1 0.026075756378055367 125731 -1
9 17108 2 0.07696251021449095 125732 0
1 17109 2 0.07696251021449095 125733 3
131 17257 5 4.885142897396344 125776 3
0 17257 5 4.885142897396344 125777 -1
0 17320 0 3.5354437327065127 125778 -1
11 17340 0 3.5354437327065127 125779 3
1 17341 0 3.4894571529874288 125780 0
1 17342 0 3.4894571529874288 125781 3
6 17525 1 0.012228206180316625 125844 0
0 17525 1 0.012228206180316625 125845 -1
2 17926 0 4.15640300334214 126518 3
2 17928 0 4.15640300334214 126519 0
2 13585 2 0.06791081474820947 244268 3
0 13585 2 0.06791081474820947 244269 -1
7 13606 1 0.04173599397772771 244270 0
1 13607 1 0.04173599397772771 244271 3
0 13923 4 0.293 247972 -1
13 13939 4 0.293 247973 0
0 13939 7 -154.21323858154693 247974 -1
0 13957 7 -154.21323858154693 247975 -1
0 13967 0 3.1935199961303113 247978 -1
2 14009 0 3.1935199961303113 247979 3
2 14057 6 -0.0022939941406249996 247982 3
0 14057 6 -0.0022939941406249996 247983 -1
1 15582 1 0.008319564511861355 249144 3
0 15582 1 0.008319564511861355 249145 -1
0 15703 1 0.03852451879957776 249148 -1
19 15762 1 0.03852451879957776 249149 0
1 16649 2 0.07520001194730622 249624 3
4 16653 2 0.07520001194730622 249625 0
5 16658 7 -201.39221819091705 249626 3
2 16660 7 -201.39221819091705 249627 0
0 16863 2 0.07556067544581722 251216 -1
2 16868 2 0.07556067544581722 251217 3
0 17077 2 0.07702870495288591 251460 -1
1 17094 2 0.07702870495288591 251461 0
3 17097 2 0.07680503453601284 251462 0
2 17099 2 0.07680503453601284 251463 3
1 17258 5 4.889641866092084 251554 0
62 17320 5 4.889641866092084 251555 3
0 17320 0 3.5339580492964693 251556 -1
2 17329 0 3.5339580492964693 251557 0
3 17528 0 3.601886035052279 251690 0
0 17528 0 3.601886035052279 251691 -1
3 13588 7 -150.5528368415429 488538 0
0 13588 7 -150.5528368415429 488539 -1
2 13925 0 3.219730578461447 495944 0
1 13926 0 3.219730578461447 495945 3
11 13950 0 3.3717421688921343 495948 0
0 13950 0 3.3717421688921343 495949 -1
5 13962 2 0.0692777781606411 495950 3
1 13963 2 0.0692777781606411 495951 0
0 13967 1 0.03803691744202129 495956 -1
11 14007 1 0.03803691744202129 495957 0
23 14080 2 0.0689947468845002 495966 0
0 14080 2 0.0689947468845002 495967 -1
0 15582 4 0.32 498290 -1
0 15589 4 0.32 498291 -1
0 15703 1 0.03711369173734671 498296 -1
2 15743 1 0.03711369173734671 498297 3
1 16864 1 0.003202936920769821 502432 3
2 16866 1 0.003202936920769821 502433 0
11 17088 2 0.07681966345512961 502920 3
0 17088 2 0.07681966345512961 502921 -1
1 17321 0 3.5195889213990084 503112 0
6 17327 0 3.5195889213990084 503113 3
3 17531 0 3.6187758248958892 503382 3
0 17531 0 3.6187758248958892 503383 -1
4 13592 7 -139.12255873195585 977078 3
0 13592 7 -139.12255873195585 977079 -1
3 13953 1 -0.007416521861848869 991898 3
0 13953 1 -0.007416521861848869 991899 -1
7 13974 0 3.145868035469274 991912 0
0 13974 0 3.145868035469274 991913 -1
2 14082 2 0.06905325093609822 991934 3
0 14082 2 0.06905325093609822 991935 -1
4 15586 1 0.030253261210636203 996580 0
0 15586 1 0.030253261210636203 996581 -1
30 15619 0 3.3973374612964395 996582 0
0 15619 0 3.3973374612964395 996583 -1
0 15703 2 0.07141462580800151 996592 -1
1 15741 2 0.07141462580800151 996593 3
1 17089 2 0.07689268883127397 1005842 0
4 17093 2 0.07689268883127397 1005843 3
2 17533 0 3.6547534014072403 1006766 0
1 17534 0 3.6547534014072403 1006767 3
4 13596 1 0.01713295841787612 1954158 0
0 13596 1 0.01713295841787612 1954159 -1
3 13956 6 -0.00187666015625 1983798 0
1 13957 6 -0.00187666015625 1983799 3
6 13980 2 0.06881641891088747 1983826 0
0 13980 2 0.06881641891088747 1983827 -1
0 14082 7 -162.06984788892578 1983870 -1
12 14105 7 -162.06984788892578 1983871 0
1 15587 0 3.2625503892005856 1993162 0
2 15589 0 3.2625503892005856 1993163 3
1 15620 0 3.4700426933963167 1993166 3
2 15622 0 3.4700426933963167 1993167 0
1 15704 5 4.345525880148293 1993184 3
0 15704 5 4.345525880148293 1993185 -1
1 13597 0 3.3244483806149607 3908318 0
2 13599 0 3.3244483806149607 3908319 3
0 13980 1 0.015266052539093631 3967654 -1
0 13988 1 0.015266052539093631 3967655 -1
4 14086 1 0.025812388835605476 3967740 0
0 14086 1 0.025812388835605476 3967741 -1
30 15734 0 3.4059750403336904 3986370 0
0 15734 0 3.4059750403336904 3986371 -1
7 13987 4 0.332 7935308 0
1 13988 4 0.332 7935309 3
5 13993 4 0.352 7935310 3
0 13993 4 0.352 7935311 -1
0 14086 6 -0.001865869140625 7935482 -1
2 14093 6 -0.001865869140625 7935483 0
1 15735 0 3.4114385585241687 7972742 3
0 15735 0 3.4114385585241687 7972743 -1
2 13995 1 0.026246269334940297 15870622 0
1 13996 1 0.026246269334940297 15870623 3
2 14088 1 0.04863354373440505 15870964 3
0 14088 1 0.04863354373440505 15870965 -1
3 15738 1 0.026502725642283783 15945486 0
0 15738 1 0.026502725642283783 15945487 -1
2 14090 0 3.3447164847885675 31741930 0
1 14091 0 3.3447164847885675 31741931 3
1 15739 0 3.435423287768625 31890974 0
1 15740 0 3.435423287768625 31890975 3
