0 0 -1 0 1 -1
0 0 3 0.01207049589420259 2 -1
0 21267 3 0.01207049589420259 3 -1
0 0 8 -1.223412395819928 4 -1
0 20166 8 -1.223412395819928 5 -1
0 21267 0 10.375536992326456 6 -1
1 22764 0 10.375536992326456 7 2
0 0 0 6.720939745420967 8 -1
7 20166 0 6.720939745420967 9 2
0 20166 0 3.544794780103765 10 -1
0 20353 0 3.544794780103765 11 -1
0 21267 6 -0.002833154296875 12 -1
0 22723 6 -0.002833154296875 13 -1
0 0 0 4.779745161663932 16 -1
0 19705 0 4.779745161663932 17 -1
4 20170 6 -0.119543896484375 20 2
0 20170 6 -0.119543896484375 21 -1
2 20355 2 0.1090538091988595 22 0
0 20355 2 0.1090538091988595 23 -1
0 21267 8 -1.3731234954004101 24 -1
5 22723 8 -1.3731234954004101 25 0
38 22761 1 0.034163821427418375 26 3
2 22763 1 0.034163821427418375 27 0
0 0 2 0.15747861950304853 32 -1
0 19683 2 0.15747861950304853 33 -1
0 19705 2 0.13504203420037986 34 -1
273 20159 2 0.13504203420037986 35 2
0 20170 2 0.07075626214556914 42 -1
172 20353 2 0.07075626214556914 43 0
0 20355 0 3.614332840659558 46 -1
909 21267 0 3.614332840659558 47 2
0 21267 0 5.683727234246086 48 -1
1 22718 0 5.683727234246086 49 0
0 0 8 -20.961975663106422 64 -1
0 11919 8 -20.961975663106422 65 -1
13 19696 2 0.15881224012117168 66 1
9 19705 2 0.15881224012117168 67 0
1 19706 0 4.784419154189557 68 2
180 19886 0 4.784419154189557 69 0
3 20173 2 0.06356096782506836 84 0
8 20181 2 0.06356096782506836 85 3
2 20357 0 3.612739004931237 92 2
1 20358 0 3.612739004931237 93 0
1445 22712 8 -1.3842018682174977 96 1
0 22712 8 -1.3842018682174977 97 -1
0 0 2 0.06858522654902621 128 -1
0 3283 2 0.06858522654902621 129 -1
0 11919 0 4.576008395802214 130 -1
0 19589 0 4.576008395802214 131 -1
3 22715 1 0.009772634972024156 194 1
2 22717 1 0.009772634972024156 195 0
157 157 2 0.06290508218923473 256 0
0 157 2 0.06290508218923473 257 -1
0 3283 4 0.273 258 -1
0 3327 4 0.273 259 -1
0 11919 0 4.549093721009613 260 -1
0 19572 0 4.549093721009613 261 -1
0 19589 2 0.13680652361032988 262 -1
0 19605 2 0.13680652361032988 263 -1
1 158 6 -0.0031359374999999994 514 0
0 158 6 -0.0031359374999999994 515 -1
0 3283 0 3.240118179264452 516 -1
1 3327 0 3.240118179264452 517 0
0 3327 5 10.609335397339349 518 -1
1 11919 5 10.609335397339349 519 3
0 11919 0 3.6593582198542 520 -1
0 17668 0 3.6593582198542 521 -1
8 19580 5 4.287901846725657 522 2
0 19580 5 4.287901846725657 523 -1
1 19590 0 4.592822777823192 524 2
15 19605 0 4.592822777823192 525 0
0 19605 6 -0.11630515136718751 526 -1
71 19683 6 -0.11630515136718751 527 2
0 158 8 -21.04465835588681 1030 -1
0 3279 8 -21.04465835588681 1031 -1
0 3283 0 3.1120606961486774 1032 -1
0 3319 0 3.1120606961486774 1033 -1
0 3327 4 0.281 1036 -1
0 3366 4 0.281 1037 -1
0 11919 3 0.00847396629592836 1040 -1
0 17493 3 0.00847396629592836 1041 -1
0 17668 8 -1.243389612072547 1042 -1
0 19322 8 -1.243389612072547 1043 -1
1 19581 0 4.552180923472948 1046 2
8 19589 0 4.552180923472948 1047 0
1 19606 3 0.007799635615196228 1052 2
6 19612 3 0.007799635615196228 1053 0
0 158 8 -22.369789788045363 2060 -1
0 3248 8 -22.369789788045363 2061 -1
3 3282 8 -20.970720891796454 2062 0
1 3283 8 -20.970720891796454 2063 3
34 3317 2 0.07046769850933919 2064 3
0 3317 2 0.07046769850933919 2065 -1
0 3319 0 3.1442060251671036 2066 -1
3 3326 0 3.1442060251671036 2067 3
0 3327 0 3.1927970055407258 2072 -1
10 3366 0 3.1927970055407258 2073 0
1 3367 4 0.281 2074 3
0 3367 4 0.281 2075 -1
0 11919 1 -0.10484260518690673 2080 -1
0 11926 1 -0.10484260518690673 2081 -1
0 17493 2 0.14934962544351155 2082 -1
18 17668 2 0.14934962544351155 2083 0
0 17668 6 -0.09341303710937501 2084 -1
0 19286 6 -0.09341303710937501 2085 -1
0 19322 6 -0.11607065429687499 2086 -1
228 19572 6 -0.11607065429687499 2087 2
0 158 0 3.253064609772314 4120 -1
0 3129 0 3.253064609772314 4121 -1
12 3260 0 3.1544688340525977 4122 3
0 3260 0 3.1544688340525977 4123 -1
1 3318 0 3.043865135676288 4130 0
1 3319 0 3.043865135676288 4131 3
3 3322 2 0.06975120196657009 4132 0
1 3323 2 0.06975120196657009 4133 3
0 3327 6 -0.0023484375000000003 4144 -1
0 3333 6 -0.0023484375000000003 4145 -1
1 3368 4 0.281 4150 3
0 3368 4 0.281 4151 -1
1 11920 0 3.4657145429654506 4160 2
6 11926 0 3.4657145429654506 4161 0
0 11926 0 3.6027515262633334 4162 -1
0 17449 0 3.6027515262633334 4163 -1
8 17501 0 3.348384444486233 4164 0
149 17650 0 3.348384444486233 4165 1
0 17668 7 -2.97817726332813 4168 -1
2 19286 7 -2.97817726332813 4169 2
7 19293 2 0.09520831601020995 4170 0
0 19293 2 0.09520831601020995 4171 -1
0 19322 0 4.2434247787256645 4172 -1
3 19344 0 4.2434247787256645 4173 2
0 158 2 0.06786550491827567 8240 -1
0 2814 2 0.06786550491827567 8241 -1
0 3129 2 0.06818544444369616 8242 -1
0 3219 2 0.06818544444369616 8243 -1
16 3276 1 0.034871127746291315 8246 0
3 3279 1 0.034871127746291315 8247 3
0 3327 5 4.0200887810831105 8288 -1
2 3333 5 4.0200887810831105 8289 3
17 3350 2 0.07008981403349562 8290 3
0 3350 2 0.07008981403349562 8291 -1
1 3369 4 0.281 8302 0
0 3369 4 0.281 8303 -1
0 11926 0 3.5926906751729017 8324 -1
0 17441 0 3.5926906751729017 8325 -1
39 17488 1 -0.018896439275813675 8326 0
0 17488 1 -0.018896439275813675 8327 -1
0 17668 1 0.11085531843744127 8336 -1
1 19284 1 0.11085531843744127 8337 2
22 19315 2 0.13186378830820913 8342 2
7 19322 2 0.13186378830820913 8343 1
0 19322 1 0.025516045314676734 8344 -1
1 19341 1 0.025516045314676734 8345 2
0 158 7 -89.15003208407764 16480 -1
0 2810 7 -89.15003208407764 16481 -1
0 2814 0 3.238817953989479 16482 -1
4 3129 0 3.238817953989479 16483 0
0 3129 7 -109.83625789800055 16484 -1
3 3219 7 -109.83625789800055 16485 0
0 3219 6 -0.0016411621093749996 16486 -1
2 3248 6 -0.0016411621093749996 16487 3
1 3328 1 0.011633979425236618 16576 3
3 3331 1 0.011633979425236618 16577 0
5 3355 0 3.0980028852960473 16582 3
1 3356 0 3.0980028852960473 16583 0
1 3370 4 0.283 16606 3
0 3370 4 0.283 16607 -1
0 11926 0 3.5824672757156772 16648 -1
0 17424 0 3.5824672757156772 16649 -1
1 17442 0 3.5931001855801092 16650 3
7 17449 0 3.5931001855801092 16651 0
4 17492 0 3.6292092021170044 16654 2
1 17493 0 3.6292092021170044 16655 3
0 17668 8 -1.2451471954499311 16672 -1
0 19270 8 -1.2451471954499311 16673 -1
0 19322 6 -0.11858388671875 16688 -1
16 19340 6 -0.11858388671875 16689 0
0 158 0 3.2096629498750726 32960 -1
0 2692 0 3.2096629498750726 32961 -1
1 2811 1 0.004049753037779488 32962 0
3 2814 1 0.004049753037779488 32963 3
1 2815 2 0.06786903173576296 32964 0
0 2815 2 0.06786903173576296 32965 -1
2 3131 0 3.254414641087233 32968 0
0 3131 0 3.254414641087233 32969 -1
0 3219 4 0.339 32972 -1
13 3246 4 0.339 32973 0
0 3370 2 0.10662177420384168 33214 -1
0 11899 2 0.10662177420384168 33215 -1
0 11926 0 3.0131174913486465 33296 -1
0 11947 0 3.0131174913486465 33297 -1
1 17425 0 3.5828761012590804 33298 2
16 17441 0 3.5828761012590804 33299 0
0 17668 1 0.07984205426413771 33344 -1
0 19267 1 0.07984205426413771 33345 -1
8 19278 2 0.14543154381201787 33346 2
5 19283 2 0.14543154381201787 33347 0
1 19323 0 3.9687387206448577 33376 0
1 19324 0 3.9687387206448577 33377 2
0 158 8 -24.11530857680658 65920 -1
0 2620 8 -24.11530857680658 65921 -1
0 2692 2 0.06770735295764596 65922 -1
5 2810 2 0.06770735295764596 65923 0
0 2815 0 3.2245786813162702 65930 -1
0 3117 0 3.2245786813162702 65931 -1
0 3131 2 0.06800660188827717 65938 -1
0 3203 2 0.06800660188827717 65939 -1
0 3219 4 0.339 65944 -1
1 3233 4 0.339 65945 3
0 3370 1 0.06285873201153695 66428 -1
0 7753 1 0.06285873201153695 66429 -1
12 11911 0 4.31809755607697 66430 3
7 11918 0 4.31809755607697 66431 0
0 11926 0 3.0130051667856432 66592 -1
1 11947 0 3.0130051667856432 66593 3
0 11947 0 3.029013453907686 66594 -1
0 11971 0 3.029013453907686 66595 -1
0 17668 4 0.342 66688 -1
0 17671 4 0.342 66689 -1
2 19269 0 4.535610050897642 66690 2
1 19270 0 4.535610050897642 66691 0
0 158 3 0.004503617377319335 131840 -1
0 2225 3 0.004503617377319335 131841 -1
0 2620 0 3.2066346907277707 131842 -1
1 2692 0 3.2066346907277707 131843 0
0 2692 7 -99.01661377636735 131844 -1
2 2805 7 -99.01661377636735 131845 0
0 2815 0 3.1069828170755027 131860 -1
0 2968 0 3.1069828170755027 131861 -1
5 3122 2 0.06827437000521773 131862 0
3 3125 2 0.06827437000521773 131863 3
49 3180 2 0.06745857706133909 131876 3
0 3180 2 0.06745857706133909 131877 -1
0 3203 3 0.004630809292123317 131878 -1
6 3216 3 0.004630809292123317 131879 3
7 3226 4 0.32 131888 0
0 3226 4 0.32 131889 -1
0 3370 1 0.0625741886086923 132856 -1
1 7753 1 0.0625741886086923 132857 3
1 7754 2 0.06863690627019658 132858 3
0 7754 2 0.06863690627019658 132859 -1
1 11927 8 -19.6765046125566 133184 3
19 11946 8 -19.6765046125566 133185 0
23 11970 0 3.02844405388153 133188 0
1 11971 0 3.02844405388153 133189 3
0 11971 8 -20.788729272100376 133190 -1
0 11994 8 -20.788729272100376 133191 -1
2 17670 0 4.121509394587109 133376 2
1 17671 0 4.121509394587109 133377 0
0 17671 6 -0.11561564941406251 133378 -1
0 19063 6 -0.11561564941406251 133379 -1
1899 2057 0 3.1772746554149522 263680 3
0 2057 0 3.1772746554149522 263681 -1
1 2226 3 0.004503807779195308 263682 0
0 2226 3 0.004503807779195308 263683 -1
1 2621 8 -24.111697306216776 263684 0
0 2621 8 -24.111697306216776 263685 -1
0 2692 1 0.06926013443746919 263688 -1
0 2799 1 0.06926013443746919 263689 -1
0 2815 1 0.06033885442075759 263720 -1
0 2964 1 0.06033885442075759 263721 -1
2 2970 3 0.004602687646141053 263722 0
0 2970 3 0.004602687646141053 263723 -1
0 3180 1 0.057165246092746 263754 -1
1 3203 1 0.057165246092746 263755 0
6 3209 1 0.08274021013437921 263756 0
1 3210 1 0.08274021013437921 263757 3
2 3228 1 0.008357393622831583 263778 3
0 3228 1 0.008357393622831583 263779 -1
0 3370 6 -0.00013271484375 265712 -1
1 7752 6 -0.00013271484375 265713 3
1 7755 4 0.291 265718 3
0 7755 4 0.291 265719 -1
22 11993 8 -20.80047015883826 266380 0
1 11994 8 -20.80047015883826 266381 3
0 11994 7 -108.01648875848286 266382 -1
0 12027 7 -108.01648875848286 266383 -1
0 17671 1 0.06316039958234936 266756 -1
0 19054 1 0.06316039958234936 266757 -1
0 19063 6 -0.0965125 266758 -1
0 19135 6 -0.0965125 266759 -1
1 2058 0 3.1773614502840974 527362 0
167 2225 0 3.1773614502840974 527363 3
0 2226 2 0.06713942502418475 527366 -1
0 2230 2 0.06713942502418475 527367 -1
0 2621 7 -121.95755738414898 527370 -1
0 2624 7 -121.95755738414898 527371 -1
98 2790 3 0.004552852368066311 527376 3
0 2790 3 0.004552852368066311 527377 -1
3 2802 0 3.2476982280168674 527378 3
1 2803 0 3.2476982280168674 527379 0
0 2815 1 0.003210016482566572 527440 -1
109 2964 1 0.003210016482566572 527441 3
1 2965 1 0.06053664156791803 527442 0
3 2968 1 0.06053664156791803 527443 3
1 2971 0 3.107569187498239 527446 0
0 2971 0 3.107569187498239 527447 -1
1 3181 2 0.06745901099232407 527508 0
0 3181 2 0.06745901099232407 527509 -1
1 3229 4 0.327 527558 3
3 3232 4 0.327 527559 0
0 3370 2 0.07586469664650104 531424 -1
0 6376 2 0.07586469664650104 531425 -1
0 7755 2 0.06963362091769588 531438 -1
0 7774 2 0.06963362091769588 531439 -1
32 12026 7 -108.10100395497413 532764 0
1 12027 7 -108.10100395497413 532765 3
0 12027 8 -18.51591438190554 532766 -1
0 12594 8 -18.51591438190554 532767 -1
0 17671 8 -1.3113080261099352 533512 -1
0 17687 8 -1.3113080261099352 533513 -1
1 19055 1 0.06318419743077135 533514 2
8 19063 1 0.06318419743077135 533515 0
0 19063 6 -0.11545666503906249 533516 -1
0 19074 6 -0.11545666503906249 533517 -1
1 19136 0 3.8351764509379525 533518 2
0 19136 0 3.8351764509379525 533519 -1
1 2227 0 3.1084051318143042 1054732 0
3 2230 0 3.1084051318143042 1054733 3
0 2230 0 3.1840316984642207 1054734 -1
0 2604 0 3.1840316984642207 1054735 -1
1 2622 1 0.03215008819391671 1054740 0
2 2624 1 0.03215008819391671 1054741 3
62 2686 0 3.1697750723461926 1054742 3
0 2686 0 3.1697750723461926 1054743 -1
1 2791 2 0.0675551640906341 1054754 0
8 2799 2 0.0675551640906341 1054755 3
0 2815 1 0.0014163906159221536 1054880 -1
1 2855 1 0.0014163906159221536 1054881 0
0 2971 7 -103.58790222344979 1054894 -1
1 3117 7 -103.58790222344979 1054895 0
0 3181 4 0.332 1055018 -1
16 3202 4 0.332 1055019 3
0 3370 0 3.0876124837844037 1062848 -1
0 3448 0 3.0876124837844037 1062849 -1
0 6376 0 3.6593319296381326 1062850 -1
0 7097 0 3.6593319296381326 1062851 -1
2 7757 7 -229.02713845980063 1062876 3
0 7757 7 -229.02713845980063 1062877 -1
0 7774 2 0.07060906727084969 1062878 -1
0 7804 2 0.07060906727084969 1062879 -1
0 12027 8 -18.518029976271553 1065532 -1
1 12594 8 -18.518029976271553 1065533 3
0 12594 4 0.288 1065534 -1
0 16186 4 0.288 1065535 -1
15 17686 0 4.323133044200096 1067024 0
1 17687 0 4.323133044200096 1067025 2
0 17687 4 0.715 1067026 -1
0 19027 4 0.715 1067027 -1
0 19063 0 4.3400646895242945 1067032 -1
1 19074 0 4.3400646895242945 1067033 2
1 19075 0 3.765329023390912 1067034 0
0 19075 0 3.765329023390912 1067035 -1
0 19136 0 3.912721708955803 1067038 -1
129 19267 0 3.912721708955803 1067039 0
233 2463 7 -135.46727081479082 2109468 3
0 2463 7 -135.46727081479082 2109469 -1
1 2605 0 3.184174903867946 2109470 0
0 2605 0 3.184174903867946 2109471 -1
1 2687 0 3.1709672839392677 2109486 0
4 2691 0 3.1709672839392677 2109487 3
0 2815 2 0.06854006512503288 2109760 -1
0 2852 2 0.06854006512503288 2109761 -1
31 3002 8 -37.73091051715264 2109788 3
0 3002 8 -37.73091051715264 2109789 -1
3 3184 0 3.3068723234061173 2110036 3
2 3186 0 3.3068723234061173 2110037 0
1 3371 1 -0.0374146727455308 2125696 0
0 3371 1 -0.0374146727455308 2125697 -1
0 3448 4 0.605 2125698 -1
1 6376 4 0.605 2125699 3
31 6407 0 3.205256597292529 2125700 0
0 6407 0 3.205256597292529 2125701 -1
0 7097 5 4.825969773590144 2125702 -1
0 7130 5 4.825969773590144 2125703 -1
0 7757 4 0.322 2125754 -1
15 7774 4 0.322 2125755 0
27 7801 0 3.5101415811410996 2125756 0
3 7804 0 3.5101415811410996 2125757 3
0 7804 1 0.06408541151610918 2125758 -1
0 7827 1 0.06408541151610918 2125759 -1
0 12027 6 -0.0033837402343750004 2131064 -1
543 12593 6 -0.0033837402343750004 2131065 0
0 12594 4 0.288 2131068 -1
1 16186 4 0.288 2131069 0
0 16186 0 3.0893759901341076 2131070 -1
0 16199 0 3.0893759901341076 2131071 -1
0 17687 1 0.05279135717725051 2134052 -1
0 18996 1 0.05279135717725051 2134053 -1
1 19028 4 0.715 2134054 0
0 19028 4 0.715 2134055 -1
1 19064 1 0.0034566042610984474 2134064 2
9 19073 1 0.0034566042610984474 2134065 0
0 19075 0 3.912342201099702 2134070 -1
0 19079 0 3.912342201099702 2134071 -1
1 19137 0 3.845307971801648 2134076 0
1 19138 0 3.845307971801648 2134077 2
1 2464 7 -135.34158828969032 4218938 0
0 2464 7 -135.34158828969032 4218939 -1
12 2617 2 0.06758554330670502 4218942 3
0 2617 2 0.06758554330670502 4218943 -1
0 2815 6 -0.0022783691406249996 4219520 -1
29 2852 6 -0.0022783691406249996 4219521 3
1 2853 0 3.100354703602067 4219522 3
1 2854 0 3.100354703602067 4219523 0
0 3002 6 -0.0017991699218750002 4219578 -1
1 3116 6 -0.0017991699218750002 4219579 0
0 3371 8 -25.69077112551781 4251394 -1
0 3442 8 -25.69077112551781 4251395 -1
0 3448 0 3.1106352003223527 4251396 -1
0 3484 0 3.1106352003223527 4251397 -1
0 6407 7 -127.75825559434556 4251402 -1
5 7097 7 -127.75825559434556 4251403 0
6 7103 2 0.09589212714726962 4251404 0
27 7130 2 0.09589212714726962 4251405 3
0 7130 5 5.099496801572745 4251406 -1
0 7164 5 5.099496801572745 4251407 -1
1 7758 0 3.2182870774741987 4251508 3
1 7759 0 3.2182870774741987 4251509 0
22 7826 1 0.06400851563534907 4251516 0
1 7827 1 0.06400851563534907 4251517 3
0 7827 1 0.06839970086468403 4251518 -1
0 7900 1 0.06839970086468403 4251519 -1
0 12027 2 0.06883270806251014 4262128 -1
15 12050 2 0.06883270806251014 4262129 0
0 12594 4 0.288 4262136 -1
1 16185 4 0.288 4262137 0
12 16198 0 3.082259423276801 4262140 0
1 16199 0 3.082259423276801 4262141 3
0 16199 8 -17.83650354679964 4262142 -1
0 16216 8 -17.83650354679964 4262143 -1
1219 18906 6 -0.11625065917968751 4268104 0
0 18906 6 -0.11625065917968751 4268105 -1
1 18997 1 0.05336778728187667 4268106 2
30 19027 1 0.05336778728187667 4268107 0
1 19029 4 0.723 4268110 2
25 19054 4 0.723 4268111 0
1 19076 0 3.8262596920504897 4268140 2
3 19079 0 3.8262596920504897 4268141 0
0 19079 6 -0.11544487304687501 4268142 -1
0 19081 6 -0.11544487304687501 4268143 -1
0 2464 2 0.06718190928774558 8437878 -1
0 2469 2 0.06718190928774558 8437879 -1
1 2618 0 3.2000478141687436 8437886 0
2 2620 0 3.2000478141687436 8437887 3
7 2822 6 -0.0022828613281250004 8439040 3
1 2823 6 -0.0022828613281250004 8439041 0
12 3014 2 0.06794736948205758 8439156 3
0 3014 2 0.06794736948205758 8439157 -1
0 3371 1 -0.02737775352970488 8502788 -1
0 3373 1 -0.02737775352970488 8502789 -1
3 3445 0 3.0676665293392213 8502790 3
3 3448 0 3.0676665293392213 8502791 0
3 3451 1 -0.025122726270990332 8502792 0
0 3451 1 -0.025122726270990332 8502793 -1
0 3484 0 3.135390451117219 8502794 -1
0 3535 0 3.135390451117219 8502795 -1
0 6407 8 -27.786913308043594 8502804 -1
3 7092 8 -27.786913308043594 8502805 0
0 7130 4 0.518 8502812 -1
8 7164 4 0.518 8502813 3
0 7164 0 3.6678474360647124 8502814 -1
0 7168 0 3.6678474360647124 8502815 -1
72 7899 1 0.06839577552113578 8503036 0
1 7900 1 0.06839577552113578 8503037 3
3684 11584 0 3.444863694329468 8503038 0
0 11584 0 3.444863694329468 8503039 -1
0 12027 0 3.34952439593883 8524256 -1
1 12035 0 3.34952439593883 8524257 0
0 12594 4 0.288 8524272 -1
1 16184 4 0.288 8524273 0
1 16200 5 4.784262068323951 8524284 3
16 16216 5 4.784262068323951 8524285 0
0 16216 3 0.0058807843952918045 8524286 -1
1109 17424 3 0.0058807843952918045 8524287 0
1 18907 6 -0.116248876953125 8536210 2
89 18996 6 -0.116248876953125 8536211 0
1 19080 0 4.443025871967087 8536284 0
1 19081 0 4.443025871967087 8536285 2
0 19081 0 4.223457055667471 8536286 -1
33 19135 0 4.223457055667471 8536287 2
1 2465 0 3.050839025999638 16875756 0
4 2469 0 3.050839025999638 16875757 3
0 2469 0 3.144359477399397 16875758 -1
0 2589 0 3.144359477399397 16875759 -1
2 3016 3 0.004612404708471299 16878314 0
0 3016 3 0.004612404708471299 16878315 -1
1 3372 0 3.0781755904231263 17005576 3
1 3373 0 3.0781755904231263 17005577 0
0 3373 7 -113.81662304161452 17005578 -1
0 3440 7 -113.81662304161452 17005579 -1
1 3452 0 3.0876417294952656 17005586 0
0 3452 0 3.0876417294952656 17005587 -1
0 3484 6 -0.00198203125 17005588 -1
12 3535 6 -0.00198203125 17005589 3
0 3535 6 -0.0012969726562500003 17005590 -1
0 6339 6 -0.0012969726562500003 17005591 -1
0 6407 6 -0.0008009765625 17005608 -1
2 7089 6 -0.0008009765625 17005609 0
0 7130 2 0.1051648280769437 17005624 -1
2 7156 2 0.1051648280769437 17005625 3
3 7167 0 3.6675135563822128 17005628 0
1 7168 0 3.6675135563822128 17005629 3
0 7168 5 5.551477845983247 17005630 -1
0 7236 5 5.551477845983247 17005631 -1
1 11585 0 3.44550338981322 17006078 3
0 11585 0 3.44550338981322 17006079 -1
5 12032 1 0.03516591335843885 17048512 3
0 12032 1 0.03516591335843885 17048513 -1
0 12594 4 0.288 17048544 -1
1 16183 4 0.288 17048545 0
0 16216 2 0.09239398260958848 17048572 -1
1 16315 2 0.09239398260958848 17048573 2
3 19084 6 -0.1144313232421875 17072572 0
0 19084 6 -0.1144313232421875 17072573 -1
81 2550 0 3.098984490075366 33751516 3
0 2550 0 3.098984490075366 33751517 -1
1 2590 0 3.147668211924734 33751518 0
0 2590 0 3.147668211924734 33751519 -1
1 3017 2 0.06795486603885975 33756630 0
0 3017 2 0.06795486603885975 33756631 -1
0 3373 1 0.014138014444838427 34011156 -1
49 3440 1 0.014138014444838427 34011157 3
1 3441 0 3.058014938309846 34011158 0
1 3442 0 3.058014938309846 34011159 3
1 3453 6 -0.002911376953125 34011174 0
0 3453 6 -0.002911376953125 34011175 -1
0 3484 5 4.93315206239666 34011176 -1
4 3523 5 4.93315206239666 34011177 3
1 3536 7 -367.0738183749335 34011180 3
0 3536 7 -367.0738183749335 34011181 -1
11 6350 2 0.07052535628344071 34011182 3
0 6350 2 0.07052535628344071 34011183 -1
0 6407 1 0.062466836156054834 34011216 -1
1 7087 1 0.062466836156054834 34011217 0
21 7151 1 0.03707966280939174 34011248 0
0 7151 1 0.03707966280939174 34011249 -1
0 7168 4 0.571 34011260 -1
2 7236 4 0.571 34011261 3
0 7236 2 0.07675745873010079 34011262 -1
0 7245 2 0.07675745873010079 34011263 -1
0 11585 4 0.417 34012158 -1
278 11899 4 0.417 34012159 0
1 12033 0 3.1899056065298113 34097026 3
1 12034 0 3.1899056065298113 34097027 0
0 12594 4 0.288 34097088 -1
1 16182 4 0.288 34097089 0
1 16217 6 -0.005027099609375 34097144 3
97 16314 6 -0.005027099609375 34097145 0
16 19100 2 0.1444747451201734 34145146 2
0 19100 2 0.1444747451201734 34145147 -1
1 2551 0 3.0990339632469532 67503034 0
38 2589 0 3.0990339632469532 67503035 3
0 2590 1 0.017758624895240858 67503038 -1
10 2604 1 0.017758624895240858 67503039 3
11 3028 1 -0.009704119950907902 67513262 3
0 3028 1 -0.009704119950907902 67513263 -1
0 3373 1 0.013697403304347747 68022312 -1
1 3391 1 0.013697403304347747 68022313 0
0 3453 1 -0.014268273850993995 68022350 -1
0 3456 1 -0.014268273850993995 68022351 -1
0 3484 0 3.1338946317163985 68022352 -1
2 3519 0 3.1338946317163985 68022353 3
0 3536 7 -342.02130722718107 68022362 -1
0 3538 7 -342.02130722718107 68022363 -1
1 6351 0 3.2901564057918335 68022366 3
0 6351 0 3.2901564057918335 68022367 -1
1 6408 4 0.31 68022432 0
0 6408 4 0.31 68022433 -1
1 7152 1 0.04717917343523517 68022498 3
2 7154 1 0.04717917343523517 68022499 0
0 7168 2 0.10543929148781836 68022520 -1
0 7232 2 0.10543929148781836 68022521 -1
8 7244 2 0.07675079237935838 68022524 0
1 7245 2 0.07675079237935838 68022525 3
0 7245 2 0.10484058257137954 68022526 -1
0 7727 2 0.10484058257137954 68022527 -1
0 11585 4 0.415 68024316 -1
1 11621 4 0.415 68024317 0
3586 16180 4 0.288 68194176 0
1 16181 4 0.288 68194177 3
1 19101 0 4.192893719329907 68290294 0
1 19102 0 4.192893719329907 68290295 2
3 2593 1 0.007098529030813024 135006076 3
1 2594 1 0.007098529030813024 135006077 0
1 3029 1 -0.00740681962501946 135026526 0
0 3029 1 -0.00740681962501946 135026527 -1
15 3388 2 0.07126351400074497 136044624 3
0 3388 2 0.07126351400074497 136044625 -1
1 3454 1 -0.021962809130537296 136044700 3
2 3456 1 -0.021962809130537296 136044701 0
0 3456 2 0.06870304895379008 136044702 -1
0 3458 2 0.06870304895379008 136044703 -1
1 3485 5 4.069534597670348 136044704 3
0 3485 5 4.069534597670348 136044705 -1
1 3537 0 3.5008646052590624 136044724 0
1 3538 0 3.5008646052590624 136044725 3
0 3538 3 0.00569335941161871 136044726 -1
0 6258 3 0.00569335941161871 136044727 -1
0 6351 1 -0.0028471703280462408 136044734 -1
17 6375 1 -0.0028471703280462408 136044735 0
0 6408 5 6.858490394098428 136044866 -1
1 7086 5 6.858490394098428 136044867 0
0 7168 0 3.71327663561884 136045040 -1
0 7174 0 3.71327663561884 136045041 -1
1 7233 0 4.023079180040419 136045042 3
1 7234 0 4.023079180040419 136045043 0
0 7245 2 0.07875998696593976 136045052 -1
450 7727 2 0.07875998696593976 136045053 0
1 7728 0 3.957623474566626 136045054 3
23 7751 0 3.957623474566626 136045055 0
34 11619 4 0.415 136048632 0
1 11620 4 0.415 136048633 3
3 3032 7 -178.55514123990665 270053054 3
0 3032 7 -178.55514123990665 270053055 -1
1 3389 0 3.0588279468804065 272089250 3
1 3390 0 3.0588279468804065 272089251 0
1 3457 0 3.101615753221896 272089404 3
1 3458 0 3.101615753221896 272089405 0
0 3458 1 0.0042226471897494865 272089406 -1
21 3484 1 0.0042226471897494865 272089407 3
0 3485 7 -104.6919540637924 272089410 -1
1 3517 7 -104.6919540637924 272089411 3
0 3538 0 3.803669529166579 272089452 -1
0 6253 0 3.803669529166579 272089453 -1
0 6258 0 3.4255934017065046 272089454 -1
0 6279 0 3.4255934017065046 272089455 -1
0 6351 1 -0.009819721514941093 272089468 -1
2 6358 1 -0.009819721514941093 272089469 3
0 6408 3 0.0057808089031600954 272089732 -1
0 6446 3 0.0057808089031600954 272089733 -1
4 7172 2 0.09331646084820391 272090080 0
2 7174 2 0.09331646084820391 272090081 3
0 7174 8 -44.520245640026424 272090082 -1
33 7232 8 -44.520245640026424 272090083 0
31 7276 2 0.07872367646602974 272090104 0
1 7277 2 0.07872367646602974 272090105 3
0 3032 2 0.06856838832109972 540106110 -1
2 3115 2 0.06856838832109972 540106111 0
2 3460 0 3.107904240762589 544178812 0
3 3463 0 3.107904240762589 544178813 3
0 3485 2 0.06965048063814779 544178820 -1
14 3516 2 0.06965048063814779 544178821 0
0 3538 7 -323.7525105280208 544178904 -1
0 3543 7 -323.7525105280208 544178905 -1
3 6256 1 0.05991626314806485 544178906 0
2 6258 1 0.05991626314806485 544178907 3
20 6278 7 -134.27147318566318 544178908 3
1 6279 7 -134.27147318566318 544178909 0
0 6279 6 -0.0026843261718750002 544178910 -1
0 6281 6 -0.0026843261718750002 544178911 -1
1 6352 4 0.342 544178936 3
4 6356 4 0.342 544178937 0
9 6417 0 3.3722239610052775 544179464 3
0 6417 0 3.3722239610052775 544179465 -1
0 6446 0 3.5801232976979334 544179466 -1
0 7012 0 3.5801232976979334 544179467 -1
0 7174 7 -242.95849056603774 544180164 -1
1 7199 7 -242.95849056603774 544180165 3
2 3034 7 -172.53297038531937 1080212220 0
0 3034 7 -172.53297038531937 1080212221 -1
0 3485 0 3.1318619606124076 1088357640 -1
2 3502 0 3.1318619606124076 1088357641 3
2 3540 2 0.07354242637119407 1088357808 3
3 3543 2 0.07354242637119407 1088357809 0
0 3543 2 0.0689998209633094 1088357810 -1
0 3637 2 0.0689998209633094 1088357811 -1
1 6280 0 3.58860150771888 1088357820 0
1 6281 0 3.58860150771888 1088357821 3
0 6281 0 3.4907861789148527 1088357822 -1
45 6339 0 3.4907861789148527 1088357823 0
2 6419 4 0.339 1088358930 3
0 6419 4 0.339 1088358931 -1
0 6446 6 -0.001156396484375 1088358932 -1
0 7008 6 -0.001156396484375 1088358933 -1
0 7012 2 0.0892083709483904 1088358934 -1
17 7085 2 0.0892083709483904 1088358935 3
0 7174 0 3.910745676249008 1088360328 -1
19 7198 0 3.910745676249008 1088360329 0
5 3039 7 -167.73217108099047 2160424442 3
0 3039 7 -167.73217108099047 2160424443 -1
1 3486 1 -0.032862419569459206 2176715280 3
0 3486 1 -0.032862419569459206 2176715281 -1
0 3543 3 0.004755105247411728 2176715620 -1
2 3637 3 0.004755105247411728 2176715621 3
0 3637 0 3.135806229793924 2176715622 -1
0 3640 0 3.135806229793924 2176715623 -1
0 6281 0 3.4885769986705175 2176715644 -1
1 6294 0 3.4885769986705175 2176715645 3
0 6419 4 0.471 2176717862 -1
1 6446 4 0.471 2176717863 3
0 6446 1 0.05843482219878027 2176717864 -1
0 7000 1 0.05843482219878027 2176717865 -1
2 7010 0 3.554353260106636 2176717866 3
2 7012 0 3.554353260106636 2176717867 0
0 7012 4 0.474 2176717868 -1
5 7068 4 0.474 2176717869 3
2 7176 7 -252.27592679493193 2176720656 3
3 7179 7 -252.27592679493193 2176720657 0
0 3039 4 0.383 4320848886 -1
1 3113 4 0.383 4320848887 0
1 3487 5 4.087381001407284 4353430562 3
0 3487 5 4.087381001407284 4353430563 -1
1 3544 5 4.228892034996569 4353431240 3
0 3544 5 4.228892034996569 4353431241 -1
2 3639 0 3.135641517102039 4353431244 0
1 3640 0 3.135641517102039 4353431245 3
0 3640 5 3.967500581351618 4353431246 -1
0 3643 5 3.967500581351618 4353431247 -1
1 6282 2 0.07552570573362755 4353431288 3
0 6282 2 0.07552570573362755 4353431289 -1
1 6420 6 -0.0026694335937500003 4353435724 3
0 6420 6 -0.0026694335937500003 4353435725 -1
0 6446 2 0.07609244608739095 4353435728 -1
0 6452 2 0.07609244608739095 4353435729 -1
2 7002 1 0.058598871147554674 4353435730 0
0 7002 1 0.058598871147554674 4353435731 -1
0 7012 6 -0.00135166015625 4353435736 -1
4 7063 6 -0.00135166015625 4353435737 3
1 3040 7 -165.61184723304757 8641697772 0
0 3040 7 -165.61184723304757 8641697773 -1
6 3493 7 -130.33265837431298 8706861126 0
0 3493 7 -130.33265837431298 8706861127 -1
0 3544 6 -0.0013429687500000002 8706862482 -1
1 3635 6 -0.0013429687500000002 8706862483 3
2 3642 1 -0.006563243966742449 8706862492 0
1 3643 1 -0.006563243966742449 8706862493 3
0 3643 3 0.0056545801564693455 8706862494 -1
0 6203 3 0.0056545801564693455 8706862495 -1
8 6290 4 0.405 8706862578 0
0 6290 4 0.405 8706862579 -1
17 6437 6 -0.0018842773437500002 8706871450 0
0 6437 6 -0.0018842773437500002 8706871451 -1
0 6446 0 3.4805019952428924 8706871456 -1
1 6452 0 3.4805019952428924 8706871457 0
0 6452 0 3.212442282238768 8706871458 -1
0 6455 0 3.212442282238768 8706871459 -1
1 7003 6 -0.00202314453125 8706871462 0
5 7008 6 -0.00202314453125 8706871463 3
0 7012 0 3.6556848824867467 8706871472 -1
2 7059 0 3.6556848824867467 8706871473 3
0 3040 2 0.06854502148736351 17283395546 -1
3 3112 2 0.06854502148736351 17283395547 3
0 3493 1 0.024415883669834576 17413722254 -1
2 3500 1 0.024415883669834576 17413722255 3
0 3544 0 3.452224647950174 17413724964 -1
0 3630 0 3.452224647950174 17413724965 -1
0 3643 2 0.0694129843930064 17413724988 -1
0 3771 2 0.0694129843930064 17413724989 -1
3 6206 0 3.350623675286298 17413724990 3
0 6206 0 3.350623675286298 17413724991 -1
1 6291 0 3.4587272503738538 17413725158 3
2 6293 0 3.4587272503738538 17413725159 0
0 6437 2 0.07601210519857182 17413742902 -1
2 6445 2 0.07601210519857182 17413742903 3
1 6447 1 -0.021146643064654722 17413742912 0
4 6451 1 -0.021146643064654722 17413742913 3
2 6454 0 3.2094885635380335 17413742916 3
1 6455 0 3.2094885635380335 17413742917 0
0 6455 8 -28.383667534675418 17413742918 -1
0 6997 8 -28.383667534675418 17413742919 -1
0 7012 1 -0.02240773081221332 17413742944 -1
0 7016 1 -0.02240773081221332 17413742945 -1
0 3040 2 0.06853885402980378 34566791092 -1
1 3109 2 0.06853885402980378 34566791093 0
1 3494 0 3.120135461118655 34827444508 3
4 3498 0 3.120135461118655 34827444509 0
0 3544 6 -0.00156630859375 34827449928 -1
0 3627 6 -0.00156630859375 34827449929 -1
3 3633 0 3.502858116764187 34827449930 3
1 3634 0 3.502858116764187 34827449931 0
3 3646 1 -0.04254494493226066 34827449976 3
0 3646 1 -0.04254494493226066 34827449977 -1
0 3771 6 -0.0014556152343749998 34827449978 -1
0 6168 6 -0.0014556152343749998 34827449979 -1
0 6206 1 0.052145726676128976 34827449982 -1
1 6253 1 0.052145726676128976 34827449983 3
1 6438 2 0.07589667401772705 34827485804 3
5 6443 2 0.07589667401772705 34827485805 0
0 6455 7 -143.460643158893 34827485836 -1
0 6981 7 -143.460643158893 34827485837 -1
2 6999 0 3.444529996020327 34827485838 3
1 7000 0 3.444529996020327 34827485839 0
1 7013 1 -0.032125924844292414 34827485888 0
3 7016 1 -0.032125924844292414 34827485889 3
0 7016 1 0.05083044392343236 34827485890 -1
0 7054 1 0.05083044392343236 34827485891 -1
0 3040 2 0.06850344853317605 69133582184 -1
3 3108 2 0.06850344853317605 69133582185 3
0 3544 1 0.04571085516163764 69654899856 -1
16 3627 1 0.04571085516163764 69654899857 0
1 3628 0 3.264024035988932 69654899858 0
2 3630 0 3.264024035988932 69654899859 3
0 3646 6 -0.0018420898437500003 69654899954 -1
0 3760 6 -0.0018420898437500003 69654899955 -1
0 3771 0 3.146265120453747 69654899956 -1
0 3787 0 3.146265120453747 69654899957 -1
2 6170 6 -0.001453369140625 69654899958 3
0 6170 6 -0.001453369140625 69654899959 -1
1 6207 2 0.07522131149564597 69654899964 3
0 6207 2 0.07522131149564597 69654899965 -1
0 6455 0 3.4553274734994415 69654971672 -1
0 6803 0 3.4553274734994415 69654971673 -1
0 6981 0 3.5403360915632573 69654971674 -1
2 6997 0 3.5403360915632573 69654971675 0
0 7016 1 0.0369281613495329 69654971780 -1
11 7054 1 0.0369281613495329 69654971781 0
2 7056 0 3.6247690385291214 69654971782 3
1 7057 0 3.6247690385291214 69654971783 0
0 3040 2 0.06850330383798105 138267164368 -1
1 3105 2 0.06850330383798105 138267164369 0
0 3544 1 0.045435588250577814 139309799712 -1
1 3611 1 0.045435588250577814 139309799713 3
0 3646 7 -187.82528946463367 139309799908 -1
0 3652 7 -187.82528946463367 139309799909 -1
4 3764 0 3.2188910198021152 139309799910 3
0 3764 0 3.2188910198021152 139309799911 -1
3 3774 7 -156.51969429747206 139309799912 3
13 3787 7 -156.51969429747206 139309799913 0
0 3787 2 0.07488942304220102 139309799914 -1
0 6104 2 0.07488942304220102 139309799915 -1
0 6170 0 3.593836950123322 139309799918 -1
1 6203 0 3.593836950123322 139309799919 3
0 6207 7 -189.1378671606245 139309799930 -1
23 6252 7 -189.1378671606245 139309799931 0
0 6455 2 0.07660493658109607 139309943344 -1
0 6514 2 0.07660493658109607 139309943345 -1
1 6804 0 3.455616113115833 139309943346 0
0 6804 0 3.455616113115833 139309943347 -1
2 6983 2 0.0764435019107249 139309943348 0
12 6995 2 0.0764435019107249 139309943349 3
0 7016 1 0.03506123832806877 139309943560 -1
1 7043 1 0.03506123832806877 139309943561 3
0 3040 7 -130.36141978638472 276534328736 -1
0 3089 7 -130.36141978638472 276534328737 -1
1 3545 7 -196.2331457691899 278619599424 3
0 3545 7 -196.2331457691899 278619599425 -1
2 3648 0 3.320197114375784 278619599816 0
0 3648 0 3.320197114375784 278619599817 -1
0 3652 3 0.004813202688252927 278619599818 -1
1 3760 3 0.004813202688252927 278619599819 3
1 3765 6 -0.001839013671875 278619599822 3
6 3771 6 -0.001839013671875 278619599823 0
0 3787 2 0.07008588376781466 278619599828 -1
0 3972 2 0.07008588376781466 278619599829 -1
3 6107 0 3.297203222445445 278619599830 3
0 6107 0 3.297203222445445 278619599831 -1
1 6171 2 0.0697818143310141 278619599836 3
0 6171 2 0.0697818143310141 278619599837 -1
0 6207 7 -195.74300235151327 278619599860 -1
2 6229 7 -195.74300235151327 278619599861 3
57 6512 2 0.07660102697734786 278619886688 3
2 6514 2 0.07660102697734786 278619886689 0
186 6700 0 3.410488620974569 278619886690 3
0 6700 0 3.410488620974569 278619886691 -1
0 6804 2 0.0768942052356881 278619886694 -1
0 6837 2 0.0768942052356881 278619886695 -1
0 7016 4 0.427 278619887120 -1
8 7042 4 0.427 278619887121 0
0 3040 4 0.295 553068657472 -1
0 3048 4 0.295 553068657473 -1
1 3090 0 3.1148214716872693 553068657474 3
0 3090 0 3.1148214716872693 553068657475 -1
12 3557 4 0.308 557239198850 0
0 3557 4 0.308 557239198851 -1
0 3648 4 0.43 557239199634 -1
1 3652 4 0.43 557239199635 3
25 3677 3 0.00476938622168541 557239199636 0
0 3677 3 0.00476938622168541 557239199637 -1
0 3787 2 0.07006494998782825 557239199656 -1
3 3972 2 0.07006494998782825 557239199657 3
0 3972 0 3.1771287102024415 557239199658 -1
0 4015 0 3.1771287102024415 557239199659 -1
0 6107 0 3.35593529328837 557239199662 -1
0 6113 0 3.35593529328837 557239199663 -1
0 6171 5 6.012398820173192 557239199674 -1
1 6202 5 6.012398820173192 557239199675 3
0 6207 0 3.5073937427613595 557239199720 -1
7 6227 0 3.5073937427613595 557239199721 0
1 6701 0 3.4106054508153987 557239773382 0
102 6803 0 3.4106054508153987 557239773383 3
3 6807 1 -0.019905402107893492 557239773388 0
0 6807 1 -0.019905402107893492 557239773389 -1
0 6837 5 6.270282835083766 557239773390 -1
0 6977 5 6.270282835083766 557239773391 -1
0 7016 4 0.41 557239774240 -1
2 7034 4 0.41 557239774241 3
7 3047 0 3.1959014111439576 1106137314944 3
1 3048 0 3.1959014111439576 1106137314945 0
0 3048 6 -0.001926904296875 1106137314946 -1
2 3089 6 -0.001926904296875 1106137314947 0
0 3090 0 3.2176319920313263 1106137314950 -1
1 3104 0 3.2176319920313263 1106137314951 3
0 3557 7 -119.29044214985439 1114478397702 -1
3 3610 7 -119.29044214985439 1114478397703 3
1 3649 2 0.06918961435342012 1114478399268 0
2 3651 2 0.06918961435342012 1114478399269 3
1 3678 2 0.06910063744787832 1114478399274 3
0 3678 2 0.06910063744787832 1114478399275 -1
0 3787 6 -0.0016346191406249998 1114478399312 -1
1 3969 6 -0.0016346191406249998 1114478399313 3
0 3972 0 3.1753055105738324 1114478399316 -1
1 4015 0 3.1753055105738324 1114478399317 3
0 4015 2 0.07482262488921716 1114478399318 -1
0 6092 2 0.07482262488921716 1114478399319 -1
3 6110 1 0.025691548779669813 1114478399324 3
3 6113 1 0.025691548779669813 1114478399325 0
0 6113 0 3.4451940904356184 1114478399326 -1
41 6168 0 3.4451940904356184 1114478399327 0
0 6171 2 0.07192123716586604 1114478399348 -1
23 6201 2 0.07192123716586604 1114478399349 0
0 6207 0 3.500611878853041 1114478399440 -1
1 6220 0 3.500611878853041 1114478399441 3
0 6807 1 0.03292947192587576 1114479546778 -1
2 6837 1 0.03292947192587576 1114479546779 0
0 6837 4 0.4 1114479546780 -1
85 6977 4 0.4 1114479546781 3
3 6980 1 0.042108924490627545 1114479546782 3
1 6981 1 0.042108924490627545 1114479546783 0
0 7016 1 0.02822601174509939 1114479548480 -1
1 7032 1 0.02822601174509939 1114479548481 3
1 3049 0 3.1086126725744547 2212274629892 0
0 3049 0 3.1086126725744547 2212274629893 -1
0 3090 2 0.06847773218125364 2212274629900 -1
1 3103 2 0.06847773218125364 2212274629901 3
1 3558 5 4.481232647390643 2228956795404 3
0 3558 5 4.481232647390643 2228956795405 -1
0 3678 2 0.06911967302598263 2228956798550 -1
0 3682 2 0.06911967302598263 2228956798551 -1
0 3787 6 -0.00169501953125 2228956798624 -1
0 3965 6 -0.00169501953125 2228956798625 -1
0 3972 2 0.07406587578013323 2228956798632 -1
1 4014 2 0.07406587578013323 2228956798633 3
0 4015 2 0.07030606671958065 2228956798636 -1
0 4097 2 0.07030606671958065 2228956798637 -1
1 6093 2 0.07482283371613574 2228956798638 3
11 6104 2 0.07482283371613574 2228956798639 0
0 6113 0 3.441357169112484 2228956798652 -1
1 6127 0 3.441357169112484 2228956798653 3
6 6177 2 0.07189858716231842 2228956798696 0
1 6178 2 0.07189858716231842 2228956798697 3
6 6213 4 0.398 2228956798880 0
0 6213 4 0.398 2228956798881 -1
0 6807 2 0.07681966345512961 2228959093556 -1
2 6835 2 0.07681966345512961 2228959093557 0
0 6837 4 0.398 2228959093560 -1
1 6892 4 0.398 2228959093561 3
0 7016 1 -0.0016790370217184484 2228959096960 -1
9 7031 1 -0.0016790370217184484 2228959096961 0
0 3049 2 0.06846699350211567 4424549259786 -1
0 3084 2 0.06846699350211567 4424549259787 -1
6 3096 2 0.06823543120890807 4424549259800 0
0 3096 2 0.06823543120890807 4424549259801 -1
0 3558 0 3.2108319740414366 4457913590810 -1
0 3579 0 3.2108319740414366 4457913590811 -1
2 3680 0 3.2341951965388422 4457913597100 0
2 3682 0 3.2341951965388422 4457913597101 3
0 3682 0 3.1848626039626025 4457913597102 -1
0 3698 0 3.1848626039626025 4457913597103 -1
0 3787 0 3.521198719995634 4457913597248 -1
0 3963 0 3.521198719995634 4457913597249 -1
2 3967 1 0.045956231418153935 4457913597250 3
1 3968 1 0.045956231418153935 4457913597251 0
0 3972 8 -41.96951485920641 4457913597264 -1
0 3974 8 -41.96951485920641 4457913597265 -1
0 4015 0 3.6394348777166092 4457913597272 -1
1 4097 0 3.6394348777166092 4457913597273 3
0 4097 0 3.669693042880942 4457913597274 -1
0 6076 0 3.669693042880942 4457913597275 -1
11 6124 0 3.432637190761698 4457913597304 0
0 6124 0 3.432637190761698 4457913597305 -1
3 6216 0 3.462911653083329 4457913597762 3
3 6219 0 3.462911653083329 4457913597763 0
0 6807 0 3.5770915023306245 4457918187112 -1
1 6833 0 3.5770915023306245 4457918187113 0
0 6837 4 0.398 4457918187120 -1
1 6891 4 0.398 4457918187121 3
0 7016 1 -0.014193744480967859 4457918193920 -1
1 7022 1 -0.014193744480967859 4457918193921 3
0 3049 6 -0.0021151855468749996 8849098519572 -1
11 3084 6 -0.0021151855468749996 8849098519573 3
1 3085 0 3.182439418154721 8849098519574 3
2 3087 0 3.182439418154721 8849098519575 0
0 3096 0 3.2170371500485553 8849098519602 -1
1 3102 0 3.2170371500485553 8849098519603 3
0 3558 6 -0.002038330078125 8915827181620 -1
3 3579 6 -0.002038330078125 8915827181621 3
0 3579 1 0.00657576235593177 8915827181622 -1
22 3607 1 0.00657576235593177 8915827181623 0
0 3682 0 3.1769991245404845 8915827194204 -1
2 3698 0 3.1769991245404845 8915827194205 3
0 3698 2 0.06936570285394558 8915827194206 -1
0 3754 2 0.06936570285394558 8915827194207 -1
0 3787 1 -0.0404568462420808 8915827194496 -1
0 3789 1 -0.0404568462420808 8915827194497 -1
1 3964 0 3.681995134527357 8915827194498 3
1 3965 0 3.681995134527357 8915827194499 0
1 3973 0 3.1630652709438443 8915827194528 0
1 3974 0 3.1630652709438443 8915827194529 3
34 4008 1 0.05255146138633517 8915827194530 0
0 4008 1 0.05255146138633517 8915827194531 -1
0 4015 2 0.07029800822880759 8915827194544 -1
1 4096 2 0.07029800822880759 8915827194545 3
0 4097 2 0.07180879729629668 8915827194548 -1
1183 6076 2 0.07180879729629668 8915827194549 0
1 6077 0 3.670702271574278 8915827194550 3
15 6092 0 3.670702271574278 8915827194551 0
1 6125 0 3.4385353271847237 8915827194610 3
1 6126 0 3.4385353271847237 8915827194611 0
0 6807 1 0.026075756378055367 8915836374224 -1
0 6827 1 0.026075756378055367 8915836374225 -1
0 6837 4 0.398 8915836374240 -1
1 6890 4 0.398 8915836374241 0
0 7016 0 3.5973239946025304 8915836387840 -1
3 7021 0 3.5973239946025304 8915836387841 0
0 3049 6 -0.0021416992187500003 17698197039144 -1
2 3073 6 -0.0021416992187500003 17698197039145 0
1 3097 2 0.06827828762166546 17698197039204 3
4 3101 2 0.06827828762166546 17698197039205 0
0 3558 0 3.208099139645871 17831654363240 -1
1 3576 0 3.208099139645871 17831654363241 3
0 3579 1 0.0022095984751326603 17831654363244 -1
1 3585 1 0.0022095984751326603 17831654363245 3
2 3684 1 0.00770116530587624 17831654388408 3
0 3684 1 0.00770116530587624 17831654388409 -1
0 3698 4 0.295 17831654388412 -1
50 3754 4 0.295 17831654388413 0
4 3758 0 3.3316184854214845 17831654388414 0
1 3759 0 3.3316184854214845 17831654388415 3
1 3788 0 3.31406691076919 17831654388992 0
1 3789 0 3.31406691076919 17831654388993 3
0 3789 4 0.464 17831654388994 -1
0 3961 4 0.464 17831654388995 -1
1 4009 1 0.054452692005591496 17831654389062 3
4 4013 1 0.054452692005591496 17831654389063 0
0 4015 7 -212.1335934810054 17831654389088 -1
0 4017 7 -212.1335934810054 17831654389089 -1
0 4097 2 0.07180699262225877 17831654389096 -1
1 4893 2 0.07180699262225877 17831654389097 3
0 6807 1 -0.009019540013038084 17831672748448 -1
13 6827 1 -0.009019540013038084 17831672748449 3
0 6827 1 0.032810401269489885 17831672748450 -1
1 6832 1 0.032810401269489885 17831672748451 3
34 6871 0 3.515282152257625 17831672748480 3
0 6871 0 3.515282152257625 17831672748481 -1
1 7017 0 3.5946000815673793 17831672775680 0
1 7018 0 3.5946000815673793 17831672775681 3
9 3058 0 3.1418647811318636 35396394078288 3
0 3058 0 3.1418647811318636 35396394078289 -1
0 3558 1 0.03845973137817899 35663308726480 -1
1 3575 1 0.03845973137817899 35663308726481 3
4 3583 2 0.06898957830036723 35663308726488 0
1 3584 2 0.06898957830036723 35663308726489 3
1 3685 4 0.298 35663308776818 3
0 3685 4 0.298 35663308776819 -1
0 3698 4 0.291 35663308776824 -1
1 3704 4 0.291 35663308776825 0
0 3789 6 -0.0017260253906250002 35663308777988 -1
1 3961 6 -0.0017260253906250002 35663308777989 3
1 3962 0 3.4260826664710504 35663308777990 0
1 3963 0 3.4260826664710504 35663308777991 3
1 4016 0 3.467853021865654 35663308778176 0
1 4017 0 3.467853021865654 35663308778177 3
0 4017 1 0.05269181669769 35663308778178 -1
0 4091 1 0.05269181669769 35663308778179 -1
0 4097 0 3.5766274775873073 35663308778192 -1
0 4885 0 3.5766274775873073 35663308778193 -1
0 6807 1 -0.013032788307937583 35663345496896 -1
2 6814 1 -0.013032788307937583 35663345496897 0
3 6830 2 0.07680503453601284 35663345496900 0
1 6831 2 0.07680503453601284 35663345496901 3
1 6872 0 3.5204940512938823 35663345496962 0
0 6872 0 3.5204940512938823 35663345496963 -1
0 3058 0 3.192081409139652 70792788156578 -1
7 3071 0 3.192081409139652 70792788156579 3
1 3559 2 0.06862361002975306 71326617452960 3
0 3559 2 0.06862361002975306 71326617452961 -1
9 3694 3 0.004808166774663924 71326617553638 0
0 3694 3 0.004808166774663924 71326617553639 -1
4 3702 4 0.291 71326617553648 0
1 3703 4 0.291 71326617553649 3
0 3789 7 -181.92125984251967 71326617555976 -1
0 3803 7 -181.92125984251967 71326617555977 -1
62 4079 6 -0.0020387695312499995 71326617556356 0
0 4079 6 -0.0020387695312499995 71326617556357 -1
1 4092 1 0.0566761950784277 71326617556358 3
3 4095 1 0.0566761950784277 71326617556359 0
0 4097 6 -0.001906005859375 71326617556384 -1
0 4801 6 -0.001906005859375 71326617556385 -1
1 4886 0 3.583823283993577 71326617556386 3
6 4892 0 3.583823283993577 71326617556387 0
4 6811 4 0.405 71326690993792 3
1 6812 4 0.405 71326690993793 0
0 6872 2 0.07740031675131004 71326690993926 -1
0 6874 2 0.07740031675131004 71326690993927 -1
1 3059 4 0.315 141585576313156 3
0 3059 4 0.315 141585576313157 -1
4 3563 3 0.004710247346189022 142653234905922 0
0 3563 3 0.004710247346189022 142653234905923 -1
1 3695 0 3.145868035469274 142653235107278 0
1 3696 0 3.145868035469274 142653235107279 3
1 3790 1 0.004255146607488145 142653235111952 3
0 3790 1 0.004255146607488145 142653235111953 -1
0 3803 0 3.1801978470289085 142653235111954 -1
0 3822 0 3.1801978470289085 142653235111955 -1
1 4080 6 -0.0019506835937499998 142653235112714 3
11 4091 6 -0.0019506835937499998 142653235112715 0
0 4097 0 3.1988026283855526 142653235112768 -1
0 4119 0 3.1988026283855526 142653235112769 -1
1 4802 6 -0.001905224609375 142653235112770 3
0 4802 6 -0.001905224609375 142653235112771 -1
1 6873 0 3.5475039274616553 142653381987852 0
1 6874 0 3.5475039274616553 142653381987853 3
0 6874 1 -0.04187391912764946 142653381987854 -1
12 6889 1 -0.04187391912764946 142653381987855 3
1 3060 6 -0.0023390625 283171152626314 3
4 3064 6 -0.0023390625 283171152626315 0
1 3564 1 -0.0021972971257635653 285306469811846 3
0 3564 1 -0.0021972971257635653 285306469811847 -1
0 3790 1 0.047202114142281225 285306470223906 -1
1 3803 1 0.047202114142281225 285306470223907 3
0 3803 0 3.1776086917962885 285306470223908 -1
1 3822 0 3.1776086917962885 285306470223909 3
0 3822 7 -105.60627578278216 285306470223910 -1
0 3958 7 -105.60627578278216 285306470223911 -1
21 4118 0 3.1939902675062304 285306470225536 0
1 4119 0 3.1939902675062304 285306470225537 3
0 4119 3 0.0051278990215277665 285306470225538 -1
0 4706 3 0.0051278990215277665 285306470225539 -1
0 4802 0 3.211647739198826 285306470225542 -1
0 4807 0 3.211647739198826 285306470225543 -1
1 6875 0 3.5383634771644896 285306763975708 0
2 6877 0 3.5383634771644896 285306763975709 3
0 3564 4 0.359 570612939623694 -1
1 3574 4 0.359 570612939623695 3
0 3790 1 0.01964845131038853 570612940447812 -1
10 3802 1 0.01964845131038853 570612940447813 0
1 3804 7 -172.4654130815702 570612940447816 3
0 3804 7 -172.4654130815702 570612940447817 -1
0 3822 0 3.424538658244134 570612940447820 -1
0 3953 0 3.424538658244134 570612940447821 -1
1 3959 0 3.211341345072402 570612940447822 0
1 3960 0 3.211341345072402 570612940447823 3
0 4119 6 -0.001978271484375 570612940451076 -1
0 4674 6 -0.001978271484375 570612940451077 -1
1 4707 2 0.07164597137902277 570612940451078 3
0 4707 2 0.07164597137902277 570612940451079 -1
4 4806 0 3.2028045566794314 570612940451084 0
1 4807 0 3.2028045566794314 570612940451085 3
0 4807 8 -37.68929273613641 570612940451086 -1
0 4881 8 -37.68929273613641 570612940451087 -1
7 3571 7 -131.10854121923012 1141225879247388 0
0 3571 7 -131.10854121923012 1141225879247389 -1
1 3791 0 3.449525233758996 1141225880895624 3
1 3792 0 3.449525233758996 1141225880895625 0
14 3818 1 0.029483845527514877 1141225880895634 0
0 3818 1 0.029483845527514877 1141225880895635 -1
115 3937 5 5.4329518774470165 1141225880895640 0
0 3937 5 5.4329518774470165 1141225880895641 -1
1 3954 0 3.4290125932956137 1141225880895642 3
4 3958 0 3.4290125932956137 1141225880895643 0
0 4119 2 0.0705227640829984 1141225880902152 -1
484 4674 2 0.0705227640829984 1141225880902153 0
1 4675 6 -0.0019782226562499996 1141225880902154 3
31 4706 6 -0.0019782226562499996 1141225880902155 0
0 4707 1 -0.016197654391793416 1141225880902158 -1
80 4801 1 -0.016197654391793416 1141225880902159 0
15 4822 4 0.322 1141225880902172 0
0 4822 4 0.322 1141225880902173 -1
3 4884 0 3.435423287768625 1141225880902174 0
1 4885 0 3.435423287768625 1141225880902175 3
1 3572 0 3.1910263240418524 2282451758494778 3
1 3573 0 3.1910263240418524 2282451758494779 0
1 3819 1 0.041565846891202705 2282451761791270 3
2 3821 1 0.041565846891202705 2282451761791271 0
1 3938 4 0.381 2282451761791282 3
15 3953 4 0.381 2282451761791283 0
70 4189 2 0.07052025072075928 2282451761804304 0
1 4190 2 0.07052025072075928 2282451761804305 3
0 4707 1 -0.01856646807890127 2282451761804316 -1
1 4721 1 -0.01856646807890127 2282451761804317 3
1 4823 4 0.322 2282451761804346 3
58 4881 4 0.322 2282451761804347 0
11 4718 7 -116.45117833336249 4564903523608632 0
0 4718 7 -116.45117833336249 4564903523608633 -1
1 4719 0 3.5467773553383983 9129807047217266 3
1 4720 0 3.5467773553383983 9129807047217267 0
